year 	 age 	 N  	 Z 	 StockWts 	 M 	 F 	 CalcCno 	 CatchWts 	 SSBwts 	 StockSexmat 	CatchSexmat	 ObsCno 	CalcSurveyNr 	ObsSurveyNr	SurveyDiff	 CalcSurvey2Nr 	 ObsSurvey2Nr	 Survey2Diff 	SSB
1955	1	254586	0.2	15	0.2	-1	-1	-1	-1	-1	-1	-1	8.74844	-1	-1		7.29964	-1	-1	-1
1955	2	186674	0.2	141	0.2	-1	-1	-1	-1	-1	-1	-1	20.975	-1	-1		12.8688	-1	-1	-1
1955	3	152001	0.240039	250	0.2	0.0400386	5410.59	827	645	0.019	0.0001	4790	32.8947	-1	-1		17.2753	-1	-1	1.76591
1955	4	217638	0.370259	588	0.2	0.170259	30968.7	1307	1019	0.022	0.03	25164	104.311	-1	-1		55.2889	-1	-1	4.50097
1955	5	211902	0.452955	1439	0.2	0.252955	43105	2157	1833	0.033	0.1	46566	132.436	-1	-1		55.8529	-1	-1	11.4512
1955	6	115356	0.474755	2901	0.2	0.274755	25232.8	3617	3183	0.181	0.43	28287	50.5765	-1	-1		28.173	-1	-1	58.2801
1955	7	35989.2	0.502682	3923	0.2	0.302682	8561.81	4638	4128	0.577	0.75	10541	18.4306	-1	-1		9.70838	-1	-1	72.637
1955	8	24511.5	0.504582	4944	0.2	0.304582	5862.78	5657	5657	0.782	0.92	5224	13.2707	-1	-1		7.53443	-1	-1	90.2905
1955	9	12905.1	0.483983	5923	0.2	0.283983	2905.28	6635	6635	0.834	0.98	2467	6.49881	-1	-1		3.65734	-1	-1	59.3232
1955	10	86938.7	0.526241	6168	0.2	0.326241	22053.6	6168	6168	0.96	0.96	25182	40.6743	-1	-1		24.0492	-1	-1	419.112
1955	11	9143.94	0.526241	8746	0.2	0.326241	2319.53	8746	8746	1	1	2101	-1	-1	-1		 -1	-1	-1	65.1095
1955	12	7752.63	0.510712	8829	0.2	0.310712	1886.33	8829	8829	1	1	1202	-1	-1	-1		 -1	-1	-1	56.1408
1955	13	8055.49	0.526241	10086	0.2	0.326241	2043.42	10086	10086	1	1	1668	-1	-1	-1		 -1	-1	-1	66.1474
1955	14	2619.87	0.526241	14584	0.2	0.326241	664.579	14584	14584	1	1	665	-1	-1	-1		 -1	-1	-1	31.107
1956	1	329122	0.2	15	0.2	-1	-1	-1	-1	-1	-1	-1	17.0729	-1	-1		13.4891	-1	-1	-1
1956	2	208437	0.2	141	0.2	-1	-1	-1	-1	-1	-1	-1	26.4916	-1	-1		16.0401	-1	-1	-1
1956	3	152836	0.250963	360	0.2	0.0509634	6888.53	1080	645	0.019	0.0001	6709	33.1065	-1	-1		17.1783	-1	-1	1.77395
1956	4	119564	0.382195	881	0.2	0.182195	18104.4	1600	1248	0.025	0.05	17265	35.3816	-1	-1		17.8176	-1	-1	3.43397
1956	5	150291	0.449563	1472	0.2	0.249563	30209.4	2190	1862	0.033	0.1	31030	78.7735	-1	-1		35.1788	-1	-1	8.25719
1956	6	134716	0.458882	2563	0.2	0.258882	27969.2	3280	2886	0.111	0.33	27793	59.2526	-1	-1		33.3217	-1	-1	38.0228
1956	7	71755.7	0.490188	3935	0.2	0.290188	16460.1	4650	4138	0.577	0.75	14389	36.8391	-1	-1		19.5511	-1	-1	145.87
1956	8	21770.1	0.50416	4917	0.2	0.30416	5200.85	5630	5630	0.782	0.92	4261	11.7875	-1	-1		6.69403	-1	-1	79.8242
1956	9	14799	0.49562	5467	0.2	0.29562	3449.69	6180	6180	0.818	0.96	3429	7.43521	-1	-1		4.1552	-1	-1	61.8044
1956	10	7953.73	0.544471	6970	0.2	0.344471	2112.73	6970	6970	0.98	0.98	2128	3.70762	-1	-1		2.16833	-1	-1	43.8485
1956	11	51365.2	0.5577	6830	0.2	0.3577	14083.1	6830	6830	0.98	0.98	16820	-1	-1	-1		 -1	-1	-1	275.741
1956	12	5402.44	0.537768	9290	0.2	0.337768	1411.41	9290	9290	1	1	1552	-1	-1	-1		 -1	-1	-1	40.6368
1956	13	4652.1	0.536042	10965	0.2	0.336042	1210.12	10965	10965	1	1	1522	-1	-1	-1		 -1	-1	-1	41.3361
1956	14	4759.36	0.536042	12954	0.2	0.336042	1238.02	12954	12954	1	1	1545	-1	-1	-1		 -1	-1	-1	49.9601
1957	1	431136	0.2	15	0.2	-1	-1	-1	-1	-1	-1	-1	34.4841	-1	-1		25.7266	-1	-1	-1
1957	2	269462	0.2	141	0.2	-1	-1	-1	-1	-1	-1	-1	45.6299	-1	-1		26.7906	-1	-1	-1
1957	3	170654	0.281163	420	0.2	0.0811627	12073.9	1140	645	0.019	0.0001	13240	40.5711	-1	-1		19.9293	-1	-1	1.97569
1957	4	118914	0.414811	991	0.2	0.214811	20908.6	1710	1334	0.026	0.06	21278	34.6281	-1	-1		16.8018	-1	-1	3.77446
1957	5	81585.8	0.473721	1802	0.2	0.273721	17787.3	2520	2142	0.043	0.15	17515	30.9876	-1	-1		14.964	-1	-1	6.67893
1957	6	95871.6	0.47183	2483	0.2	0.27183	20775.5	3200	2816	0.1	0.31	24569	42.0584	-1	-1		23.4692	-1	-1	23.6954
1957	7	85139.1	0.500833	3845	0.2	0.300833	20147.9	4560	4058	0.549	0.73	17634	43.6172	-1	-1		23.001	-1	-1	160.839
1957	8	43951.2	0.52848	5247	0.2	0.32848	11214.1	5960	5960	0.801	0.94	12296	23.6821	-1	-1		13.254	-1	-1	172.899
1957	9	13149.4	0.52792	6459	0.2	0.32792	3350.19	7170	7170	0.842	0.99	3568	6.56389	-1	-1		3.59785	-1	-1	64.579
1957	10	9015.45	0.565112	7260	0.2	0.365112	2514.57	7260	7260	0.99	0.99	2169	4.18522	-1	-1		2.41752	-1	-1	51.7855
1957	11	4614.35	0.56642	8300	0.2	0.36642	1290.87	8300	8300	1	1	1171	-1	-1	-1		 -1	-1	-1	30.5891
1957	12	29407.9	0.534481	8290	0.2	0.334481	7619.59	8290	8290	1	1	6822	-1	-1	-1		 -1	-1	-1	197.703
1957	13	3155.3	0.501702	10350	0.2	0.301702	748.55	10350	10350	1	1	512	-1	-1	-1		 -1	-1	-1	26.9008
1957	14	2721.76	0.501702	13174	0.2	0.301702	645.699	13174	13174	1	1	1089	-1	-1	-1		 -1	-1	-1	29.536
1958	1	230296	0.2	15	0.2	-1	-1	-1	-1	-1	-1	-1	6.73816	-1	-1		5.74335	-1	-1	-1
1958	2	352984	0.2	141	0.2	-1	-1	-1	-1	-1	-1	-1	80.8229	-1	-1		45.9426	-1	-1	-1
1958	3	220617	0.314332	490	0.2	0.114332	21644	1210	645	0.019	0.0001	25237	66.0904	-1	-1		29.6473	-1	-1	2.54693
1958	4	128828	0.448417	1091	0.2	0.248417	25790	1810	1412	0.028	0.07	30742	39.5097	-1	-1		18.55	-1	-1	4.63306
1958	5	78538.5	0.501875	2403	0.2	0.301875	18641.4	3120	2652	0.086	0.28	14298	29.0024	-1	-1		13.7835	-1	-1	15.8098
1958	6	50801.9	0.49079	3795	0.2	0.29079	11674.4	4510	3969	0.52	0.71	10859	22.2022	-1	-1		12.249	-1	-1	91.51
1958	7	59810.4	0.523825	4286	0.2	0.323825	15076.3	5000	4450	0.682	0.83	15997	30.5006	-1	-1		15.8638	-1	-1	152.575
1958	8	51596.5	0.571966	5227	0.2	0.371966	14615.9	5940	5940	0.801	0.94	15822	27.5608	-1	-1		15.0276	-1	-1	198.486
1958	9	35131.4	0.598147	5928	0.2	0.398147	10527.1	6640	6640	0.834	0.98	12021	17.2922	-1	-1		9.08726	-1	-1	153.051
1958	10	7755.92	0.640838	8290	0.2	0.440838	2524.42	8290	8290	1	1	2003	3.54639	-1	-1		1.95752	-1	-1	49.5621
1958	11	5123.45	0.645936	8510	0.2	0.445936	1683.04	8510	8510	1	1	2125	-1	-1	-1		 -1	-1	-1	33.5272
1958	12	2618.89	0.588708	8840	0.2	0.388708	769.41	8840	8840	1	1	771	-1	-1	-1		 -1	-1	-1	18.2949
1958	13	17232.2	0.528052	9360	0.2	0.328052	4391.91	9360	9360	1	1	3508	-1	-1	-1		 -1	-1	-1	131.203
1958	14	1910.53	0.528052	13097	0.2	0.328052	486.929	13097	13097	1	1	723	-1	-1	-1		 -1	-1	-1	20.3541
1959	1	287621	0.2	15	0.2	-1	-1	-1	-1	-1	-1	-1	12.0197	-1	-1		9.77257	-1	-1	-1
1959	2	188550	0.2	141	0.2	-1	-1	-1	-1	-1	-1	-1	21.4239	-1	-1		13.1285	-1	-1	-1
1959	3	288999	0.290784	390	0.2	0.0907838	22766.2	1110	645	0.019	0.0001	18394	112.943	-1	-1		48.7936	-1	-1	3.34306
1959	4	161111	0.433132	1231	0.2	0.233132	30483.5	1950	1521	0.029	0.08	37650	59.3875	-1	-1		28.7704	-1	-1	6.48207
1959	5	82274.3	0.482274	2213	0.2	0.282274	18425.2	2930	2490	0.07	0.24	23901	31.3035	-1	-1		14.9957	-1	-1	12.7188
1959	6	47546.8	0.456487	3805	0.2	0.256487	9790.97	4520	3978	0.535	0.72	7682	20.9227	-1	-1		11.7831	-1	-1	89.2182
1959	7	31098	0.498764	4806	0.2	0.298764	7315.58	5520	4913	0.772	0.91	5883	15.9383	-1	-1		8.41528	-1	-1	100.096
1959	8	35422.8	0.541605	5457	0.2	0.341605	9343.17	6170	6170	0.818	0.96	8791	19.0367	-1	-1		10.5706	-1	-1	146.479
1959	9	51647.3	0.551754	5898	0.2	0.351754	13962.7	6610	6610	0.834	0.98	13003	25.6586	-1	-1		13.8645	-1	-1	228.998
1959	10	19316.3	0.60022	7130	0.2	0.40022	5812.8	7130	7130	0.99	0.99	7683	8.9044	-1	-1		5.03627	-1	-1	107.158
1959	11	4086.21	0.584172	8510	0.2	0.384172	1188.92	8510	8510	1	1	914	-1	-1	-1		 -1	-1	-1	27.5392
1959	12	2685.57	0.523085	8670	0.2	0.323085	675.626	8670	8670	1	1	990	-1	-1	-1		 -1	-1	-1	18.985
1959	13	1453.6	0.432066	9980	0.2	0.232066	273.909	9980	9980	1	1	218	-1	-1	-1		 -1	-1	-1	12.3534
1959	14	10162.7	0.432066	11276	0.2	0.232066	1915.02	11276	11276	1	1	1287	-1	-1	-1		 -1	-1	-1	97.5836
1960	1	192296	0.2	15	0.2	-1	-1	-1	-1	-1	-1	-1	4.21333	-1	-1		3.73155	-1	-1	-1
1960	2	235484	0.2	141	0.2	-1	-1	-1	-1	-1	-1	-1	34.3008	-1	-1		20.4669	-1	-1	-1
1960	3	154372	0.300672	340	0.2	0.100672	13422.2	1060	645	0.019	0.0001	14830	33.1103	-1	-1		16.3185	-1	-1	1.78423
1960	4	216078	0.433084	1001	0.2	0.233084	40876.1	1720	1342	0.026	0.06	28642	100.671	-1	-1		49.683	-1	-1	6.87703
1960	5	104477	0.494726	2203	0.2	0.294726	24290.1	2920	2482	0.066	0.23	27968	44.7882	-1	-1		20.4561	-1	-1	15.1324
1960	6	50794.3	0.491668	3925	0.2	0.291668	11703.2	4640	4083	0.577	0.75	14120	22.195	-1	-1		12.2386	-1	-1	104.415
1960	7	30121.1	0.53797	4947	0.2	0.33797	7873.28	5660	5037	0.782	0.92	8387	15.317	-1	-1		7.89925	-1	-1	99.1896
1960	8	18885.2	0.59778	5838	0.2	0.39778	5654.66	6550	6550	0.826	0.97	6089	10.0358	-1	-1		5.38793	-1	-1	81.6837
1960	9	20609.5	0.628479	6198	0.2	0.428479	6556.14	6910	6910	0.834	0.98	6393	10.0829	-1	-1		5.20314	-1	-1	92.0943
1960	10	37461.6	0.677701	7140	0.2	0.477701	12997.5	7140	7140	0.99	0.99	11600	17.0035	-1	-1		9.18019	-1	-1	200.56
1960	11	10598.7	0.676945	7970	0.2	0.476945	3672.68	7970	7970	1	1	3526	-1	-1	-1		 -1	-1	-1	64.0017
1960	12	2278.34	0.588412	10240	0.2	0.388412	668.938	10240	10240	1	1	692	-1	-1	-1		 -1	-1	-1	18.4391
1960	13	1591.71	0.473457	10100	0.2	0.273457	346.73	10100	10100	1	1	183	-1	-1	-1		 -1	-1	-1	13.4221
1960	14	943.628	0.473457	12871	0.2	0.273457	205.555	12871	12871	1	1	510	-1	-1	-1		 -1	-1	-1	10.1403
1961	1	264823	0.2	15	0.2	-1	-1	-1	-1	-1	-1	-1	9.69419	-1	-1		8.0213	-1	-1	-1
1961	2	157439	0.2	141	0.2	-1	-1	-1	-1	-1	-1	-1	14.6241	-1	-1		9.15738	-1	-1	-1
1961	3	192798	0.29385	300	0.2	0.0938501	15678	1020	645	0.019	0.0001	16507	51.2184	-1	-1		24.1707	-1	-1	2.22965
1961	4	114285	0.425061	951	0.2	0.225061	20953.3	1670	1303	0.025	0.05	21808	32.1236	-1	-1		15.3688	-1	-1	3.40067
1961	5	140128	0.459325	1982	0.2	0.259325	29136.6	2700	2295	0.053	0.19	19488	70.6351	-1	-1		31.6547	-1	-1	15.2033
1961	6	63703.4	0.461652	3615	0.2	0.261652	13350.3	4330	3810	0.45	0.66	15034	28.0033	-1	-1		15.722	-1	-1	96.15
1961	7	31066.1	0.533574	4816	0.2	0.333574	8030.73	5530	4922	0.772	0.91	7900	15.8114	-1	-1		8.17576	-1	-1	98.8532
1961	8	17588.7	0.5987	5597	0.2	0.3987	5276.44	6310	6310	0.818	0.96	6925	9.34509	-1	-1		5.01435	-1	-1	72.5494
1961	9	10387.5	0.618434	6218	0.2	0.418434	3241.48	6930	6930	0.834	0.98	3969	5.09217	-1	-1		2.64362	-1	-1	46.7748
1961	10	10993.1	0.660033	7310	0.2	0.460033	3702.03	7310	7310	0.99	0.99	3211	5.00735	-1	-1		2.73228	-1	-1	60.7659
1961	11	19022.4	0.641381	750	0.2	0.441381	6197.59	7500	750	0.99	0.99	6756	-1	-1	-1		 -1	-1	-1	10.8845
1961	12	5385.89	0.551542	8510	0.2	0.351542	1455.33	8510	8510	1	1	1202	-1	-1	-1		 -1	-1	-1	36.8678
1961	13	1264.95	0.429106	9840	0.2	0.229106	235.645	9840	9840	1	1	89	-1	-1	-1		 -1	-1	-1	10.6144
1961	14	991.387	0.429106	14550	0.2	0.229106	184.683	14550	14550	1	1	425	-1	-1	-1		 -1	-1	-1	12.3007
1962	1	304649	0.2	15	0.2	-1	-1	-1	-1	-1	-1	-1	13.9615	-1	-1		11.2135	-1	-1	-1
1962	2	216819	0.2	141	0.2	-1	-1	-1	-1	-1	-1	-1	28.798	-1	-1		17.3544	-1	-1	-1
1962	3	128900	0.311577	270	0.2	0.111577	12357.4	990	645	0.019	0.0001	13514	23.1925	-1	-1		11.7775	-1	-1	1.48844
1962	4	143710	0.448088	891	0.2	0.248088	28735.5	1610	1256	0.025	0.05	28526	48.0964	-1	-1		22.7459	-1	-1	4.10494
1962	5	74711.4	0.48169	1892	0.2	0.28169	16701.3	2610	2218	0.048	0.17	18924	27.053	-1	-1		13.1657	-1	-1	7.05562
1962	6	88520.1	0.463632	3184	0.2	0.263632	18674.4	3900	3432	0.281	0.53	14650	38.8971	-1	-1		21.8122	-1	-1	75.1087
1962	7	40148.5	0.5465	5007	0.2	0.3465	10717.5	5720	5091	0.791	0.93	12045	20.3813	-1	-1		10.4573	-1	-1	134.725
1962	8	18220.4	0.624033	5948	0.2	0.424033	5747.45	6660	6660	0.834	0.98	4276	9.6318	-1	-1		5.09023	-1	-1	79.9849
1962	9	23598.1	0.666953	6038	0.2	0.466953	8041.63	6750	6750	0.834	0.98	8809	11.4566	-1	-1		5.7771	-1	-1	101.135
1962	10	5596.63	0.713689	7060	0.2	0.513689	2055.08	7060	7060	0.99	0.99	2664	2.52204	-1	-1		1.33257	-1	-1	29.1231
1962	11	5681.63	0.688804	7540	0.2	0.488804	2007.18	7540	7540	0.99	0.99	1883	-1	-1	-1		 -1	-1	-1	31.9525
1962	12	10016.5	0.580134	8280	0.2	0.380134	2889.03	8280	8280	1	1	2988	-1	-1	-1		 -1	-1	-1	65.8087
1962	13	3102.6	0.441294	10900	0.2	0.241294	605.293	10900	10900	1	1	405	-1	-1	-1		 -1	-1	-1	28.6716
1962	14	823.6	0.441294	12826	0.2	0.241294	160.678	12826	12826	1	1	324	-1	-1	-1		 -1	-1	-1	8.95584
1963	1	322872	0.2	15	0.2	-1	-1	-1	-1	-1	-1	-1	16.2416	-1	-1		12.8847	-1	-1	-1
1963	2	249425	0.2	141	0.2	-1	-1	-1	-1	-1	-1	-1	38.7431	-1	-1		22.9588	-1	-1	-1
1963	3	177516	0.329663	530	0.2	0.129663	19608.1	1250	645	0.019	0.0001	18507	42.993	-1	-1		19.9508	-1	-1	2.04668
1963	4	94392.3	0.482972	931	0.2	0.282972	21184.4	1650	1287	0.025	0.05	28466	22.3081	-1	-1		9.87761	-1	-1	2.74549
1963	5	91808.7	0.528037	1922	0.2	0.328037	23398	2640	2244	0.048	0.17	19664	36.4521	-1	-1		16.5573	-1	-1	8.67165
1963	6	46152.1	0.50898	3084	0.2	0.30898	11175.7	3800	3344	0.237	0.49	11314	20.0968	-1	-1		10.9671	-1	-1	31.752
1963	7	55678.7	0.583087	4396	0.2	0.383087	16162.4	5110	4548	0.706	0.85	15682	28.059	-1	-1		14.0841	-1	-1	146.908
1963	8	23244.9	0.692242	6208	0.2	0.492242	8257.05	6920	6920	0.834	0.98	7704	12.1214	-1	-1		6.14906	-1	-1	102.912
1963	9	9762.12	0.787242	7130	0.2	0.587242	3968	7840	7840	0.849	1	2724	4.62674	-1	-1		2.17062	-1	-1	46.709
1963	10	12112.2	0.846641	7610	0.2	0.646641	5283.67	7610	7610	1	1	6508	5.31498	-1	-1		2.59295	-1	-1	64.4075
1963	11	2741.42	0.826442	8230	0.2	0.626442	1168.66	8230	8230	1	1	1657	-1	-1	-1		 -1	-1	-1	15.918
1963	12	2853.18	0.663874	9100	0.2	0.463874	967.201	9100	9100	1	1	1030	-1	-1	-1		 -1	-1	-1	19.7952
1963	13	5607.47	0.487741	9920	0.2	0.287741	1276.89	9920	9920	1	1	1372	-1	-1	-1		 -1	-1	-1	46.127
1963	14	1995.6	0.487741	11553	0.2	0.287741	454.424	11553	11553	1	1	246	-1	-1	-1		 -1	-1	-1	19.1182
1964	1	341906	0.2	15	0.2	-1	-1	-1	-1	-1	-1	-1	18.8539	-1	-1		14.7762	-1	-1	-1
1964	2	264346	0.2	141	0.2	-1	-1	-1	-1	-1	-1	-1	43.8147	-1	-1		25.784	-1	-1	-1
1964	3	204212	0.325774	490	0.2	0.125774	21920.5	1210	645	0.019	0.0001	19287	56.5902	-1	-1		25.5413	-1	-1	2.35525
1964	4	127664	0.490351	1031	0.2	0.290351	29299.1	1750	1365	0.026	0.06	28845	38.2885	-1	-1		17.1355	-1	-1	4.09036
1964	5	58235.1	0.572072	1922	0.2	0.372072	16500.4	2640	2244	0.048	0.17	18712	18.0456	-1	-1		8.51334	-1	-1	5.44077
1964	6	54145.2	0.560505	3304	0.2	0.360505	14942.7	4020	3538	0.329	0.57	11620	23.3357	-1	-1		12.347	-1	-1	53.8835
1964	7	27742.4	0.634721	4736	0.2	0.434721	8928.8	5450	4850	0.762	0.9	7936	13.837	-1	-1		6.73355	-1	-1	82.6049
1964	8	31078.3	0.770407	5748	0.2	0.570407	12360.6	6460	6460	0.826	0.97	18032	15.9549	-1	-1		7.72292	-1	-1	122.942
1964	9	11633	0.939982	7290	0.2	0.739982	5580.46	8000	8000	0.849	1	5040	5.34755	-1	-1		2.28909	-1	-1	52.8056
1964	10	4445.44	1.01067	9940	0.2	0.810673	2267.9	9940	9940	1	1	1437	1.88775	-1	-1		0.83463	-1	-1	28.5528
1964	11	5194.36	1.03577	9210	0.2	0.835767	2703.62	9210	9210	1	1	2670	-1	-1	-1		 -1	-1	-1	30.5451
1964	12	1199.66	0.810758	10940	0.2	0.610758	501.998	10940	10940	1	1	655	-1	-1	-1		 -1	-1	-1	9.32901
1964	13	1468.97	0.591038	12670	0.2	0.391038	433.703	12670	12670	1	1	370	-1	-1	-1		 -1	-1	-1	14.6915
1964	14	3443.05	0.591038	15900	0.2	0.391038	1016.54	15900	15900	1	1	1025	-1	-1	-1		 -1	-1	-1	43.2134
1965	1	477607	0.2	15	0.2	-1	-1	-1	-1	-1	-1	-1	45.0167	-1	-1		32.8618	-1	-1	-1
1965	2	279929	0.2	141	0.2	-1	-1	-1	-1	-1	-1	-1	49.4645	-1	-1		28.9097	-1	-1	-1
1965	3	216428	0.320826	300	0.2	0.120826	22370.1	1020	645	0.019	0.0001	21658	63.5035	-1	-1		28.427	-1	-1	2.49719
1965	4	147435	0.484084	811	0.2	0.284084	33201.8	1530	1193	0.025	0.05	29586	49.7134	-1	-1		22.6106	-1	-1	3.97428
1965	5	78182.8	0.584736	1852	0.2	0.384736	22775.6	2570	2184	0.045	0.16	24783	28.0893	-1	-1		12.521	-1	-1	6.6439
1965	6	32865.2	0.603215	3374	0.2	0.403215	9950.65	4090	3599	0.354	0.59	11706	14.0439	-1	-1		7.24266	-1	-1	35.3487
1965	7	30912.6	0.671221	4696	0.2	0.471221	10610.3	5410	4815	0.751	0.89	9334	15.3061	-1	-1		7.28709	-1	-1	88.814
1965	8	14705.8	0.802047	5688	0.2	0.602047	6088.85	6400	6400	0.826	0.97	6394	7.50197	-1	-1		3.56303	-1	-1	56.8425
1965	9	14383.8	0.944216	6409	0.2	0.744216	6927.14	7120	7120	0.842	0.99	11122	6.60649	-1	-1		2.82082	-1	-1	57.515
1965	10	4544.24	1.04887	8600	0.2	0.848873	2389.31	8600	8600	1	1	1477	1.91502	-1	-1		0.827502	-1	-1	24.7967
1965	11	1618.02	1.07982	12310	0.2	0.879817	870.555	12310	12310	1	1	823	-1	-1	-1		 -1	-1	-1	12.4528
1965	12	1843.76	0.856038	10460	0.2	0.656038	812.695	10460	10460	1	1	489	-1	-1	-1		 -1	-1	-1	13.4158
1965	13	533.272	0.627772	10190	0.2	0.427772	169.414	10190	10190	1	1	118	-1	-1	-1		 -1	-1	-1	4.21494
1965	14	813.444	0.627772	17220	0.2	0.427772	258.422	17220	17220	1	1	489	-1	-1	-1		 -1	-1	-1	10.865
1966	1	256620	0.2	15	0.2	-1	-1	-1	-1	-1	-1	-1	8.93156	-1	-1		7.43985	-1	-1	-1
1966	2	391032	0.2	141	0.2	-1	-1	-1	-1	-1	-1	-1	100.385	-1	-1		56.3666	-1	-1	-1
1966	3	229187	0.294141	450	0.2	0.0941406	18692.1	1170	645	0.019	0.0001	17910	71.7537	-1	-1		32.5563	-1	-1	2.65041
1966	4	157029	0.453503	961	0.2	0.253503	32003.8	1680	1310	0.026	0.06	30649	56.2957	-1	-1		26.6094	-1	-1	4.86063
1966	5	90858.4	0.54126	1872	0.2	0.34126	23944.5	2590	2202	0.045	0.16	20006	35.7385	-1	-1		16.0927	-1	-1	7.86909
1966	6	43567.6	0.581666	3465	0.2	0.381666	12608	4180	3678	0.394	0.62	13872	18.6976	-1	-1		9.76813	-1	-1	53.6405
1966	7	17978.9	0.690981	5017	0.2	0.490981	6373.68	5730	5100	0.791	0.93	5942	8.86699	-1	-1		4.17174	-1	-1	57.1929
1966	8	15798.9	0.822239	6188	0.2	0.622239	6702	6900	6900	0.849	1	7586	8.02715	-1	-1		3.76655	-1	-1	67.0776
1966	9	6594.22	0.980546	7120	0.2	0.780546	3280.2	7830	7830	0.849	1	2320	3.0068	-1	-1		1.25615	-1	-1	28.7357
1966	10	5595.08	1.11605	8580	0.2	0.916048	3088.07	8580	8580	1	1	5583	2.3264	-1	-1		0.96555	-1	-1	29.4993
1966	11	1592	1.20778	9090	0.2	1.00778	931.377	9090	9090	1	1	407	-1	-1	-1		 -1	-1	-1	8.51177
1966	12	549.574	0.986471	14230	0.2	0.786471	274.769	14230	14230	1	1	363	-1	-1	-1		 -1	-1	-1	5.11202
1966	13	783.307	0.734792	14090	0.2	0.534792	296.678	14090	14090	1	1	299	-1	-1	-1		 -1	-1	-1	8.1347
1966	14	284.65	0.734792	17924	0.2	0.534792	107.811	17924	17924	1	1	311	-1	-1	-1		 -1	-1	-1	3.76049
1967	1	369317	0.2	15	0.2	-1	-1	-1	-1	-1	-1	-1	23.0466	-1	-1		17.7685	-1	-1	-1
1967	2	210102	0.2	141	0.2	-1	-1	-1	-1	-1	-1	-1	26.9417	-1	-1		16.297	-1	-1	-1
1967	3	320150	0.276679	400	0.2	0.0766791	21445.4	1120	645	0.019	0.0001	25945	138.666	-1	-1		59.3611	-1	-1	3.70784
1967	4	170783	0.42903	1101	0.2	0.22903	31805.4	1820	1420	0.028	0.07	27941	66.0477	-1	-1		32.2637	-1	-1	6.19831
1967	5	99776.1	0.503286	1942	0.2	0.303286	23777.4	2660	2261	0.051	0.18	24322	41.6624	-1	-1		19.0402	-1	-1	10.1512
1967	6	52880.9	0.538073	3351	0.2	0.338073	13826	4067	3579	0.341	0.58	11320	22.8933	-1	-1		12.277	-1	-1	55.5444
1967	7	24352.8	0.683847	4846	0.2	0.483847	8534.76	5560	4948	0.772	0.91	8751	12.0277	-1	-1		5.68304	-1	-1	73.5548
1967	8	9008.96	0.809813	7079	0.2	0.609813	3765.52	7790	7790	0.842	0.99	2595	4.58867	-1	-1		2.16924	-1	-1	43.0601
1967	9	6942.79	0.949294	7130	0.2	0.749294	3359.2	7840	7840	0.849	1	5490	3.18559	-1	-1		1.35604	-1	-1	30.7483
1967	10	2473.53	1.07833	8430	0.2	0.878326	1329.41	8430	8430	1	1	1392	1.03627	-1	-1		0.439939	-1	-1	13.046
1967	11	1832.79	1.12929	9090	0.2	0.929289	1020.65	9090	9090	1	1	1998	-1	-1	-1		 -1	-1	-1	10.1731
1967	12	475.782	0.925047	10090	0.2	0.725047	225.05	10090	10090	1	1	109	-1	-1	-1		 -1	-1	-1	3.23135
1967	13	204.931	0.662491	14240	0.2	0.462491	69.3052	14240	14240	1	1	30	-1	-1	-1		 -1	-1	-1	2.22635
1967	14	375.678	0.662491	16412	0.2	0.462491	127.05	16412	16412	1	1	106	-1	-1	-1		 -1	-1	-1	4.70385
1968	1	269365	0.2	15	0.2	-1	-1	-1	-1	-1	-1	-1	10.1331	-1	-1		8.3542	-1	-1	-1
1968	2	302371	0.2	141	0.2	-1	-1	-1	-1	-1	-1	-1	58.2386	-1	-1		33.7246	-1	-1	-1
1968	3	172017	0.276759	450	0.2	0.0767585	11534.2	1170	645	0.019	0.0001	11933	41.2765	-1	-1		20.3279	-1	-1	1.99222
1968	4	242769	0.446656	871	0.2	0.246656	48294.6	1590	1240	0.025	0.05	47311	123.517	-1	-1		60.4727	-1	-1	6.84791
1968	5	111204	0.541837	1962	0.2	0.341837	29348.1	2680	2278	0.051	0.18	22344	48.532	-1	-1		21.1534	-1	-1	11.2905
1968	6	60318.7	0.605407	3214	0.2	0.405407	18343.9	3930	3458	0.292	0.54	16277	25.764	-1	-1		13.2694	-1	-1	51.3842
1968	7	30875.7	0.775716	4326	0.2	0.575716	12365.6	5040	4486	0.682	0.83	15590	14.9716	-1	-1		6.69468	-1	-1	72.1164
1968	8	12290.2	0.965325	5197	0.2	0.765325	6032.81	5910	5910	0.801	0.94	7059	6.06825	-1	-1		2.61313	-1	-1	39.6109
1968	9	4008.46	1.23562	6799	0.2	1.03562	2383.15	7510	7510	0.842	0.99	1571	1.73685	-1	-1		0.622635	-1	-1	14.7122
1968	10	2686.96	1.4004	8480	0.2	1.2004	1735.48	8480	8480	1	1	2506	1.05545	-1	-1		0.369347	-1	-1	12.2256
1968	11	841.408	1.56098	10750	0.2	1.36098	579.598	10750	10750	1	1	512	-1	-1	-1		 -1	-1	-1	4.49533
1968	12	592.473	1.28367	11580	0.2	1.08367	361.608	11580	11580	1	1	659	-1	-1	-1		 -1	-1	-1	3.89199
1968	13	188.653	0.942271	14640	0.2	0.742271	90.6912	14640	14640	1	1	47	-1	-1	-1		 -1	-1	-1	1.84384
1968	14	105.655	0.942271	16011	0.2	0.742271	50.7915	16011	16011	1	1	98	-1	-1	-1		 -1	-1	-1	1.12935
1969	1	281485	0.2	15	0.2	-1	-1	-1	-1	-1	-1	-1	11.3634	-1	-1		9.28133	-1	-1	-1
1969	2	220538	0.2	141	0.2	-1	-1	-1	-1	-1	-1	-1	29.8538	-1	-1		17.954	-1	-1	-1
1969	3	247560	0.255841	380	0.2	0.0558408	12197.2	1100	645	0.019	0.0001	11149	84.6574	-1	-1		39.2068	-1	-1	2.87223
1969	4	130430	0.432308	1091	0.2	0.232308	24600.5	1810	1412	0.028	0.07	23925	40.6322	-1	-1		19.4423	-1	-1	4.7043
1969	5	155315	0.522484	1762	0.2	0.322484	39011.6	2480	2108	0.043	0.15	45445	80.9879	-1	-1		33.9849	-1	-1	12.3624
1969	6	64685	0.554116	3054	0.2	0.354116	17586	3770	3318	0.227	0.48	17397	27.9138	-1	-1		14.826	-1	-1	41.732
1969	7	32925.1	0.704616	4326	0.2	0.504616	11924.2	5040	4486	0.682	0.83	12559	16.194	-1	-1		7.55689	-1	-1	79.0206
1969	8	41210.1	0.808463	5147	0.2	0.608463	17196.7	5860	5860	0.801	0.94	14811	20.9959	-1	-1		9.93358	-1	-1	141.04
1969	9	4680.83	0.918907	6288	0.2	0.718907	2201.06	7000	7000	0.842	0.99	1590	2.16082	-1	-1		0.936737	-1	-1	18.6248
1969	10	1165.07	1.03744	8350	0.2	0.837435	607.201	8350	8350	1	1	475	0.492106	-1	-1		0.214109	-1	-1	6.20645
1969	11	662.329	1.07122	8720	0.2	0.871217	354.126	8720	8720	1	1	340	-1	-1	-1		 -1	-1	-1	3.62573
1969	12	176.637	0.915691	10080	0.2	0.715691	82.801	10080	10080	1	1	64	-1	-1	-1		 -1	-1	-1	1.20383
1969	13	164.127	0.646374	11430	0.2	0.446374	53.9578	11430	11430	1	1	24	-1	-1	-1		 -1	-1	-1	1.44225
1969	14	73.5261	0.646374	13144	0.2	0.446374	24.1722	13144	13144	1	1	21	-1	-1	-1		 -1	-1	-1	0.742993
1970	1	207870	0.2	15	0.2	-1	-1	-1	-1	-1	-1	-1	5.16046	-1	-1		4.49537	-1	-1	-1
1970	2	230460	0.2	141	0.2	-1	-1	-1	-1	-1	-1	-1	32.7696	-1	-1		19.6038	-1	-1	-1
1970	3	180561	0.268683	270	0.2	0.0686827	10875.1	990	645	0.019	0.0001	9876	45.513	-1	-1		22.3483	-1	-1	2.0926
1970	4	191677	0.46965	731	0.2	0.26965	41245.1	1450	1131	0.023	0.04	47210	80.1003	-1	-1		37.6468	-1	-1	4.51822
1970	5	84650.3	0.589457	1722	0.2	0.389457	24909.1	2440	2074	0.041	0.14	23607	31.6388	-1	-1		13.8749	-1	-1	6.2167
1970	6	92108.7	0.626093	3054	0.2	0.426093	29168.9	3770	3318	0.227	0.48	25451	39.18	-1	-1		19.9303	-1	-1	58.1719
1970	7	37166.7	0.751272	4145	0.2	0.551272	14406.2	4860	4325	0.644	0.8	15196	18.1105	-1	-1		8.21789	-1	-1	79.7729
1970	8	32906.9	0.85038	4876	0.2	0.65038	14414.6	5590	5590	0.772	0.91	12261	16.6255	-1	-1		7.67052	-1	-1	101.664
1970	9	18360.9	0.960226	5547	0.2	0.760226	8971.88	6260	6260	0.818	0.96	14469	8.40618	-1	-1		3.55494	-1	-1	62.2327
1970	10	1867.44	1.0918	8370	0.2	0.891803	1013.43	8370	8370	1	1	567	0.780244	-1	-1		0.328578	-1	-1	9.71658
1970	11	412.858	1.15061	10490	0.2	0.950615	233.158	10490	10490	1	1	207	-1	-1	-1		 -1	-1	-1	2.61778
1970	12	226.908	1.00205	12310	0.2	0.802055	114.943	12310	12310	1	1	147	-1	-1	-1		 -1	-1	-1	1.81235
1970	13	70.6971	0.717774	14590	0.2	0.517774	26.1193	14590	14590	1	1	35	-1	-1	-1		 -1	-1	-1	0.766445
1970	14	85.9929	0.717774	21777	0.2	0.517774	31.7704	21777	21777	1	1	50	-1	-1	-1		 -1	-1	-1	1.39151
1971	1	407409	0.2	15	0.2	-1	-1	-1	-1	-1	-1	-1	29.7585	-1	-1		22.4697	-1	-1	-1
1971	2	170190	0.2	141	0.2	-1	-1	-1	-1	-1	-1	-1	17.2458	-1	-1		10.6987	-1	-1	-1
1971	3	188685	0.288394	370	0.2	0.0883936	14489	1090	645	0.019	0.022	13060	49.213	-1	-1		23.464	-1	-1	2.18309
1971	4	138018	0.509021	851	0.2	0.309021	33424.9	1570	1225	0.025	0.066	35856	43.7567	-1	-1		19.2686	-1	-1	3.80312
1971	5	119841	0.678721	1592	0.2	0.478721	41649.4	2310	1964	0.037	0.243	45577	52.1475	-1	-1		20.1806	-1	-1	7.35652
1971	6	46949.4	0.732734	2263	0.2	0.532734	17729.7	2980	2622	0.074	0.507	21135	19.5493	-1	-1		9.32807	-1	-1	7.4011
1971	7	49248.4	0.820425	4216	0.2	0.620425	20846.8	4930	4388	0.657	0.756	17340	23.668	-1	-1		10.3032	-1	-1	106.557
1971	8	17534	0.917416	4436	0.2	0.717416	8233.09	5150	5150	0.706	0.896	10924	8.74072	-1	-1		3.87372	-1	-1	44.3223
1971	9	14059.5	0.999746	4866	0.2	0.799746	7108.36	5580	5580	0.772	0.945	6001	6.38622	-1	-1		2.63742	-1	-1	39.3399
1971	10	7028.65	1.15712	5587	0.2	0.957124	3986.01	6300	6300	0.979	0.979	4210	2.89856	-1	-1		1.17373	-1	-1	26.1219
1971	11	626.734	1.23521	7821	0.2	1.03521	372.526	8530	8530	0.994	0.994	237	-1	-1	-1		 -1	-1	-1	3.08497
1971	12	130.646	1.08245	10534	0.2	0.882453	70.4263	11240	11240	0.982	0.982	69	-1	-1	-1		 -1	-1	-1	0.900432
1971	13	83.3036	0.782457	14039	0.2	0.582457	33.6544	14740	14740	0.993	0.993	38	-1	-1	-1		 -1	-1	-1	0.878486
1971	14	34.4887	0.782457	16432	0.2	0.582457	13.9333	17130	17130	1	1	20	-1	-1	-1		 -1	-1	-1	0.425655
1972	1	267069	0.2	15	0.2	-1	-1	-1	-1	-1	-1	-1	9.90965	-1	-1		8.18488	-1	-1	-1
1972	2	333559	0.2	141	0.2	-1	-1	-1	-1	-1	-1	-1	71.6938	-1	-1		41.0307	-1	-1	-1
1972	3	139340	0.287596	260	0.2	0.0875961	10607.3	980	645	0.019	0.022	8973	27.2512	-1	-1		13.9241	-1	-1	1.61228
1972	4	141413	0.501763	741	0.2	0.301763	33554	1460	1139	0.023	0.066	29574	45.8301	-1	-1		20.3789	-1	-1	3.33761
1972	5	82960.5	0.679609	1492	0.2	0.479609	28874.1	2210	1878	0.035	0.243	30918	29.8598	-1	-1		12.2425	-1	-1	4.60536
1972	6	60791.1	0.753469	2533	0.2	0.553469	23634.4	3250	2860	0.106	0.507	22855	25.2081	-1	-1		11.8795	-1	-1	14.8815
1972	7	22563.6	0.849493	3615	0.2	0.649493	9874.12	4330	3854	0.45	0.756	11097	10.7808	-1	-1		4.61199	-1	-1	29.0447
1972	8	21681.3	0.92959	4896	0.2	0.72959	10299.9	5610	5610	0.772	0.896	9784	10.7819	-1	-1		4.74355	-1	-1	64.9359
1972	9	23273	0.991071	5327	0.2	0.791071	11681.2	6040	6040	0.809	0.945	10538	10.5896	-1	-1		4.39616	-1	-1	74.1729
1972	10	5173.53	1.1592	5387	0.2	0.959197	2937.83	6100	6100	0.979	0.979	3938	2.13263	-1	-1		0.862509	-1	-1	18.5985
1972	11	2209.73	1.2602	6158	0.2	1.0602	1331.82	6870	6870	0.994	0.994	1242	-1	-1	-1		 -1	-1	-1	8.65643
1972	12	182.237	1.11284	8241	0.2	0.912837	100.36	8950	8950	0.982	0.982	119	-1	-1	-1		 -1	-1	-1	0.985721
1972	13	44.258	0.804034	11015	0.2	0.604034	18.3694	11720	11720	0.993	0.993	31	-1	-1	-1		 -1	-1	-1	0.367302
1972	14	38.0931	0.804034	15301	0.2	0.604034	15.8107	16000	16000	1	1	1	-1	-1	-1		 -1	-1	-1	0.434632
1973	1	389052	0.2	15	0.2	-1	-1	-1	-1	-1	-1	-1	26.3921	-1	-1		20.124	-1	-1	-1
1973	2	218657	0.2	141	0.2	-1	-1	-1	-1	-1	-1	-1	29.3175	-1	-1		17.6495	-1	-1	-1
1973	3	273095	0.3187	310	0.2	0.1187	27758.5	1030	645	0.022	0.026	36538	100.04	-1	-1		42.5821	-1	-1	3.64921
1973	4	104514	0.520581	701	0.2	0.320581	26119.3	1420	1108	0.028	0.069	25542	26.4315	-1	-1		11.289	-1	-1	2.91136
1973	5	85620.2	0.688523	1752	0.2	0.488523	30234	2470	2100	0.163	0.408	27391	31.2377	-1	-1		12.6549	-1	-1	24.6974
1973	6	42045.6	0.764545	2884	0.2	0.564545	16593.1	3600	3168	0.382	0.611	17045	17.3964	-1	-1		8.14386	-1	-1	40.9526
1973	7	28616.2	0.867754	4185	0.2	0.667754	12774.4	4900	4361	0.697	0.842	12721	13.6229	-1	-1		5.76432	-1	-1	64.1115
1973	8	9648.91	0.954479	5397	0.2	0.754479	4690.57	6110	6110	0.801	0.94	3685	4.77447	-1	-1		2.06942	-1	-1	32.3033
1973	9	8557.96	0.998822	5958	0.2	0.798822	4323.49	6670	6670	0.834	0.98	4718	3.88797	-1	-1		1.60657	-1	-1	30.936
1973	10	8638.43	1.15349	6750	0.2	0.953485	4887.51	6750	6750	0.996	0.996	5809	3.56501	-1	-1		1.44676	-1	-1	35.0559
1973	11	1623.13	1.24253	7430	0.2	1.04253	968.765	7430	7430	0.996	0.996	1134	-1	-1	-1		 -1	-1	-1	6.94892
1973	12	626.674	1.10233	7950	0.2	0.902334	342.618	7950	7950	1	1	282	-1	-1	-1		 -1	-1	-1	3.08154
1973	13	59.8876	0.793113	10170	0.2	0.593113	24.5231	10170	10170	1	1	7	-1	-1	-1		 -1	-1	-1	0.436591
1973	14	19.8063	0.793113	17000	0.2	0.593113	8.11041	17000	17000	1	1	1	-1	-1	-1		 -1	-1	-1	0.241363
1974	1	547867	0.2	15	0.2	-1	-1	-1	-1	-1	-1	-1	64.3531	-1	-1		45.6272	-1	-1	-1
1974	2	318529	0.2	141	0.2	-1	-1	-1	-1	-1	-1	-1	65.0255	-1	-1		37.4205	-1	-1	-1
1974	3	179021	0.313342	330	0.2	0.113342	17419.2	1050	645	0.02	0.014	14846	43.9861	-1	-1		20.7046	-1	-1	2.17568
1974	4	198565	0.524594	991	0.2	0.324594	50153.2	1710	1334	0.031	0.09	61826	83.6796	-1	-1		37.0456	-1	-1	7.3677
1974	5	62099.4	0.699049	1712	0.2	0.499049	22296.7	2430	2066	0.085	0.277	21824	19.1399	-1	-1		8.093	-1	-1	9.16583
1974	6	43008.5	0.77529	3104	0.2	0.57529	17215.2	3820	3362	0.346	0.584	14413	17.7566	-1	-1		8.25906	-1	-1	40.1384
1974	7	19574.2	0.89945	4526	0.2	0.69945	9029.62	5240	4664	0.636	0.794	8974	9.25952	-1	-1		3.84421	-1	-1	42.281
1974	8	12015.8	1.03195	5948	0.2	0.83195	6235.42	6660	6660	0.79	0.929	6216	5.85423	-1	-1		2.42218	-1	-1	41.8066
1974	9	3714.95	1.1205	6439	0.2	0.920503	2056.6	7150	7150	0.818	0.96	1647	1.64717	-1	-1		0.632712	-1	-1	13.3232
1974	10	3152.01	1.25586	7760	0.2	1.05586	1895.23	7760	7760	0.989	0.989	2530	1.27444	-1	-1		0.486384	-1	-1	13.9059
1974	11	2725.73	1.38025	8190	0.2	1.18025	1744.54	8190	8190	1	1	1765	-1	-1	-1		 -1	-1	-1	12.0935
1974	12	468.52	1.22785	9780	0.2	1.02785	277.319	9780	9780	1	1	334	-1	-1	-1		 -1	-1	-1	2.66947
1974	13	208.116	0.898609	12380	0.2	0.698609	95.9231	12380	12380	1	1	62	-1	-1	-1		 -1	-1	-1	1.75625
1974	14	27.0952	0.898609	14700	0.2	0.698609	12.4885	14700	14700	1	1	28	-1	-1	-1		 -1	-1	-1	0.271502
1975	1	213805	0.2	15	0.2	-1	-1	-1	-1	-1	-1	-1	5.5529	-1	-1		4.80838	-1	-1	-1
1975	2	448556	0.2	141	0.2	-1	-1	-1	-1	-1	-1	-1	134.239	-1	-1		74.146	-1	-1	-1
1975	3	260789	0.308178	380	0.2	0.108178	24278.7	1100	645	0.02	0.007	29301	91.812	-1	-1		39.902	-1	-1	3.17082
1975	4	130865	0.509561	1051	0.2	0.309561	31740	1770	1381	0.035	0.112	29489	39.7562	-1	-1		17.4378	-1	-1	5.69076
1975	5	117510	0.702072	2063	0.2	0.502072	42390.8	2780	2363	0.118	0.342	44138	50.2616	-1	-1		19.1585	-1	-1	27.5189
1975	6	30867	0.800768	3044	0.2	0.600768	12760.2	3760	3309	0.287	0.536	12088	12.679	-1	-1		5.80789	-1	-1	23.3415
1975	7	19808.4	0.922141	4736	0.2	0.722141	9343.55	5450	4850	0.715	0.857	9628	9.32791	-1	-1		3.82024	-1	-1	49.5884
1975	8	7962.65	1.08454	5978	0.2	0.884545	4298.84	6690	6690	0.809	0.95	3691	3.8389	-1	-1		1.539	-1	-1	27.8511
1975	9	4281.36	1.22133	6859	0.2	1.02133	2524.66	7570	7570	0.839	0.986	2051	1.86041	-1	-1		0.672675	-1	-1	15.8909
1975	10	1211.5	1.32732	8580	0.2	1.12732	756.09	8580	8580	1	1	752	0.482893	-1	-1		0.176559	-1	-1	5.77515
1975	11	897.787	1.4534	8810	0.2	1.2534	593.247	8810	8810	1	1	891	-1	-1	-1		 -1	-1	-1	4.13791
1975	12	685.565	1.30165	9780	0.2	1.10165	422.358	9780	9780	1	1	416	-1	-1	-1		 -1	-1	-1	3.77099
1975	13	137.24	0.97311	10090	0.2	0.77311	67.8292	10090	10090	1	1	60	-1	-1	-1		 -1	-1	-1	0.910964
1975	14	84.7312	0.97311	11000	0.2	0.77311	41.8773	11000	11000	1	1	46	-1	-1	-1		 -1	-1	-1	0.613148
1976	1	339706	0.2	15	0.2	-1	-1	-1	-1	-1	-1	-1	18.5396	-1	-1		14.5498	-1	-1	-1
1976	2	175048	0.2	141	0.2	-1	-1	-1	-1	-1	-1	-1	18.305	-1	-1		11.3176	-1	-1	-1
1976	3	367246	0.266332	631	0.2	0.0663317	21385.9	1350	645	0.025	0.049	23578	181.966	-1	-1		76.299	-1	-1	5.60136
1976	4	191624	0.458261	1061	0.2	0.258261	39700.2	1780	1388	0.026	0.058	39790	80.3887	-1	-1		38.2707	-1	-1	6.27927
1976	5	78618.2	0.627791	1932	0.2	0.427791	24977	2650	2252	0.086	0.281	21092	27.9595	-1	-1		12.0398	-1	-1	13.0257
1976	6	58233	0.751863	3384	0.2	0.551863	22590	4100	3608	0.253	0.505	24395	24.1551	-1	-1		11.3942	-1	-1	42.9436
1976	7	13858.8	0.895162	4356	0.2	0.695162	6365.52	5070	4512	0.406	0.629	5803	6.56149	-1	-1		2.7311	-1	-1	18.5173
1976	8	7877.16	1.05257	6018	0.2	0.852569	4153.39	6730	6730	0.797	0.936	5343	3.82205	-1	-1		1.56192	-1	-1	27.6899
1976	9	2691.82	1.14777	7540	0.2	0.947766	1517.38	8250	8250	0.841	0.988	1297	1.18703	-1	-1		0.448566	-1	-1	11.3043
1976	10	1262.31	1.20847	9610	0.2	1.00847	738.801	9610	9610	1	1	633	0.515247	-1	-1		0.202312	-1	-1	7.13282
1976	11	321.275	1.26293	11540	0.2	1.06293	193.922	11540	11540	1	1	205	-1	-1	-1		 -1	-1	-1	2.12409
1976	12	209.879	1.1433	11430	0.2	0.943304	117.966	11430	11430	1	1	155	-1	-1	-1		 -1	-1	-1	1.45508
1976	13	186.529	0.855129	14060	0.2	0.655129	82.1368	14060	14060	1	1	65	-1	-1	-1		 -1	-1	-1	1.82517
1976	14	51.8639	0.855129	16180	0.2	0.655129	22.8379	16180	16180	1	1	29	-1	-1	-1		 -1	-1	-1	0.584
1977	1	362838	0.2	15	0.2	-1	-1	-1	-1	-1	-1	-1	22.0087	-1	-1		17.0322	-1	-1	-1
1977	2	278128	0.2	141	0.2	-1	-1	-1	-1	-1	-1	-1	48.7929	-1	-1		28.5392	-1	-1	-1
1977	3	143318	0.230463	539	0.2	0.0304628	3899.29	1259	645	0.019	0	2614	29.4383	-1	-1		15.816	-1	-1	1.66638
1977	4	281379	0.395337	1192	0.2	0.195337	45399.7	1911	1491	0.024	0.047	42659	164.052	-1	-1		85.9046	-1	-1	9.24688
1977	5	121180	0.529635	2139	0.2	0.329635	31011.2	2856	2428	0.06	0.213	32465	55.4837	-1	-1		24.0842	-1	-1	15.4743
1977	6	41964	0.628426	3353	0.2	0.428426	13347.9	4069	3581	0.382	0.611	12162	17.8418	-1	-1		9.06313	-1	-1	48.1011
1977	7	27456.1	0.809529	5064	0.2	0.609529	11472	5777	5142	0.742	0.881	13017	13.2237	-1	-1		5.79435	-1	-1	78.9477
1977	8	5661.88	0.92125	5924	0.2	0.72125	2668.4	6636	6636	0.817	0.959	2809	2.82029	-1	-1		1.24703	-1	-1	21.3055
1977	9	2749.44	0.927449	6974	0.2	0.727449	1303.49	7685	7685	0.842	0.99	1773	1.26706	-1	-1		0.546476	-1	-1	11.9616
1977	10	854.234	0.938307	9730	0.2	0.738307	409.147	9730	9730	1	1	421	0.368038	-1	-1		0.169941	-1	-1	5.55941
1977	11	376.992	0.897733	11703	0.2	0.697733	173.608	11703	11703	1	1	86	-1	-1	-1		 -1	-1	-1	3.00866
1977	12	90.8644	0.826153	14394	0.2	0.626153	38.7221	14394	14394	1	1	24	-1	-1	-1		 -1	-1	-1	0.922885
1977	13	66.9018	0.607122	17456	0.2	0.407122	20.4163	17456	17456	1	1	6	-1	-1	-1		 -1	-1	-1	0.914806
1977	14	79.3176	0.607122	24116	0.2	0.407122	24.2052	24116	24116	1	1	2	-1	-1	-1		 -1	-1	-1	1.49838
1978	1	208802	0.2	15	0.2	-1	-1	-1	-1	-1	-1	-1	5.22091	-1	-1		4.54371	-1	-1	-1
1978	2	297067	0.2	141	0.2	-1	-1	-1	-1	-1	-1	-1	56.0966	-1	-1		32.5532	-1	-1	-1
1978	3	227712	0.22723	570	0.2	0.0272299	5546.56	1289	645	0.025	0.049	5999	72.7296	-1	-1		35.3101	-1	-1	3.4847
1978	4	113818	0.373907	1114	0.2	0.173907	16514.3	1833	1430	0.025	0.05	16287	32.48	-1	-1		16.459	-1	-1	3.75126
1978	5	189495	0.481228	2212	0.2	0.281228	42300.2	2929	2490	0.052	0.185	43931	110.852	-1	-1		46.5471	-1	-1	21.7669
1978	6	71353	0.554374	3239	0.2	0.354374	19410.7	3955	3480	0.192	0.443	17626	30.7897	-1	-1		16.3509	-1	-1	40.8341
1978	7	22384.9	0.725098	5013	0.2	0.525098	8360.16	5726	5096	0.737	0.877	8729	10.9649	-1	-1		5.05422	-1	-1	65.4369
1978	8	12219.8	0.802602	6094	0.2	0.602602	5063	6806	6806	0.82	0.962	4119	6.2331	-1	-1		2.9594	-1	-1	49.8529
1978	9	2253.55	0.746106	8332	0.2	0.546106	867.274	9041	9041	0.836	0.982	978	1.07689	-1	-1		0.517844	-1	-1	12.4866
1978	10	1087.57	0.748331	10865	0.2	0.548331	419.846	10865	10865	1	1	348	0.486716	-1	-1		0.251875	-1	-1	8.65331
1978	11	334.253	0.684279	13068	0.2	0.484279	117.226	13068	13068	1	1	119	-1	-1	-1		 -1	-1	-1	3.29797
1978	12	153.621	0.646362	11982	0.2	0.446362	50.503	11982	11982	1	1	48	-1	-1	-1		 -1	-1	-1	1.41514
1978	13	39.7741	0.480528	19062	0.2	0.280528	8.85934	19062	19062	1	1	15	-1	-1	-1		 -1	-1	-1	0.630871
1978	14	36.4559	0.480528	21284	0.2	0.280528	8.12025	21284	21284	1	1	27	-1	-1	-1		 -1	-1	-1	0.645644
1979	1	209411	0.2	15	0.2	-1	-1	-1	-1	-1	-1	-1	5.26066	-1	-1		4.57547	-1	-1	-1
1979	2	170953	0.2	141	0.2	-1	-1	-1	-1	-1	-1	-1	17.4099	-1	-1		10.7948	-1	-1	-1
1979	3	243218	0.228235	689	0.2	0.028235	6139.96	1408	645	0.019	0	7186	82.6704	-1	-1		39.5046	-1	-1	2.82847
1979	4	181426	0.370731	1237	0.2	0.170731	25881.8	1956	1526	0.021	0.019	28427	75.1908	-1	-1		39.3788	-1	-1	5.36306
1979	5	78311.4	0.474357	1924	0.2	0.274357	17108	2642	2246	0.053	0.189	13772	29.1172	-1	-1		14.1456	-1	-1	8.28412
1979	6	117113	0.544157	3283	0.2	0.344157	31084.4	3999	3519	0.282	0.531	34443	50.639	-1	-1		27.0573	-1	-1	99.8426
1979	7	40987.4	0.702667	4834	0.2	0.502667	14799.5	5548	4938	0.635	0.793	14130	20.1673	-1	-1		9.42201	-1	-1	100.895
1979	8	10840.5	0.767201	6042	0.2	0.567201	4293.28	6754	6754	0.79	0.929	4426	5.56881	-1	-1		2.70076	-1	-1	42.9413
1979	9	5476.46	0.695697	7589	0.2	0.495697	1956.01	8299	8299	0.836	0.982	1432	2.64352	-1	-1		1.31022	-1	-1	28.5318
1979	10	1068.66	0.690381	9312	0.2	0.490381	378.484	9312	9312	0.919	0.919	350	0.483825	-1	-1		0.259238	-1	-1	6.88486
1979	11	514.591	0.618927	13130	0.2	0.418927	160.736	13130	13130	1	1	168	-1	-1	-1		 -1	-1	-1	5.26294
1979	12	168.615	0.590681	13418	0.2	0.390681	49.745	13418	13418	1	1	43	-1	-1	-1		 -1	-1	-1	1.78623
1979	13	80.4898	0.446279	13540	0.2	0.246279	15.9903	13540	13540	1	1	24	-1	-1	-1		 -1	-1	-1	0.921777
1979	14	24.5986	0.446279	20072	0.2	0.246279	4.88682	20072	20072	1	1	4	-1	-1	-1		 -1	-1	-1	0.417606
1980	1	196518	0.2	15	0.2	-1	-1	-1	-1	-1	-1	-1	4.45846	-1	-1		3.93047	-1	-1	-1
1980	2	171451	0.2	141	0.2	-1	-1	-1	-1	-1	-1	-1	17.5177	-1	-1		10.8578	-1	-1	-1
1980	3	139964	0.228144	673	0.2	0.0281439	3522.09	1392	645	0.026	0.056	4348	28.135	-1	-1		15.2317	-1	-1	2.22739
1980	4	193586	0.374913	1143	0.2	0.174913	28237.5	1862	1452	0.021	0.023	28530	84.3655	-1	-1		44.1556	-1	-1	5.44091
1980	5	125226	0.505906	2016	0.2	0.305906	30064	2733	2323	0.047	0.165	32500	58.7356	-1	-1		25.8381	-1	-1	12.0553
1980	6	48732	0.586043	3052	0.2	0.386043	14236.1	3768	3316	0.225	0.478	15119	20.8957	-1	-1		10.8878	-1	-1	30.8511
1980	7	71843.8	0.738368	4545	0.2	0.538368	27349.8	5259	4681	0.653	0.807	27090	35.0983	-1	-1		16.0501	-1	-1	170.063
1980	8	20299.5	0.820406	6269	0.2	0.620406	8592.62	6981	6981	0.777	0.915	7847	10.3176	-1	-1		4.84661	-1	-1	79.8666
1980	9	5033.35	0.756667	7327	0.2	0.556667	1965.42	8037	8037	0.834	0.979	2228	2.40018	-1	-1		1.14689	-1	-1	24.6085
1980	10	2731.26	0.745319	10731	0.2	0.545319	1049.97	10731	10731	0.977	0.977	646	1.22304	-1	-1		0.634067	-1	-1	20.9998
1980	11	535.808	0.669321	12301	0.2	0.469321	183.322	12301	12301	1	1	246	-1	-1	-1		 -1	-1	-1	5.012
1980	12	277.119	0.638532	17281	0.2	0.438532	89.8183	17281	17281	0.964	0.964	99	-1	-1	-1		 -1	-1	-1	3.56247
1980	13	93.4043	0.490846	14893	0.2	0.290846	21.4682	14893	14893	1	1	25	-1	-1	-1		 -1	-1	-1	1.15182
1980	14	51.5139	0.490846	19069	0.2	0.290846	11.84	19069	19069	1	1	4	-1	-1	-1		 -1	-1	-1	0.813366
1981	1	347647	0.2	15	0.2	-1	-1	-1	-1	-1	-1	-1	19.6893	-1	-1		15.3764	-1	-1	-1
1981	2	160896	0.2	141	0.2	-1	-1	-1	-1	-1	-1	-1	15.3124	-1	-1		9.56342	-1	-1	-1
1981	3	140372	0.222738	460	0.2	0.0227379	2861.29	1180	645	0.019	0	2118	28.3551	-1	-1		15.4231	-1	-1	1.63321
1981	4	111413	0.376048	932	0.2	0.176048	16348	1651	1288	0.022	0.029	13297	31.2324	-1	-1		15.7674	-1	-1	2.90936
1981	5	133061	0.552903	1542	0.2	0.352903	36071.4	2260	1921	0.03	0.085	39195	63.4824	-1	-1		26.6601	-1	-1	6.68307
1981	6	75506.1	0.688417	2576	0.2	0.488417	26658	3293	2898	0.09	0.289	23247	31.72	-1	-1		15.5432	-1	-1	16.2114
1981	7	27120.6	0.847936	3768	0.2	0.647936	11847.8	4483	3990	0.448	0.659	12710	12.9622	-1	-1		5.55035	-1	-1	36.0033
1981	8	47105.3	1.01953	5108	0.2	0.819529	24204.5	5821	5821	0.751	0.89	26455	23.0074	-1	-1		9.59048	-1	-1	136.917
1981	9	8936.93	1.04962	7028	0.2	0.849615	4701.6	7739	7739	0.811	0.952	4804	4.01911	-1	-1		1.61091	-1	-1	35.5774
1981	10	2361.79	1.01742	9422	0.2	0.817421	1211.52	9422	9422	0.962	0.962	1677	1.00158	-1	-1		0.441038	-1	-1	13.7882
1981	11	1296.21	0.951168	11374	0.2	0.751168	628.229	11374	11374	0.988	0.988	582	-1	-1	-1		 -1	-1	-1	9.68321
1981	12	274.364	0.889263	12784	0.2	0.689263	125.264	12784	12784	1	1	228	-1	-1	-1		 -1	-1	-1	2.40155
1981	13	146.337	0.718194	12514	0.2	0.518194	54.0988	12514	12514	1	1	53	-1	-1	-1		 -1	-1	-1	1.36047
1981	14	57.1736	0.718194	19069	0.2	0.518194	21.1362	19069	19069	1	1	68	-1	-1	-1		 -1	-1	-1	0.809954
1982	1	207445	0.2	15	0.2	-1	-1	-1	-1	-1	-1	-1	5.13304	-1	-1		4.47342	-1	-1	-1
1982	2	284629	0.2	141	0.2	-1	-1	-1	-1	-1	-1	-1	51.2397	-1	-1		29.8875	-1	-1	-1
1982	3	131730	0.227634	286	0.2	0.0276337	3255.6	1006	645	0.021	0.023	3285	25.0017	-1	-1		13.7288	-1	-1	1.69328
1982	4	112344	0.392344	831	0.2	0.192344	17873.6	1550	1209	0.025	0.051	20812	31.5178	-1	-1		15.6296	-1	-1	3.12006
1982	5	76492.6	0.594795	1528	0.2	0.394795	22762.3	2246	1909	0.038	0.129	24462	27.0916	-1	-1		12.0233	-1	-1	4.786
1982	6	76547.1	0.758083	2387	0.2	0.558083	29947.6	3104	2732	0.065	0.226	28351	31.7123	-1	-1		14.9033	-1	-1	10.9614
1982	7	37932	0.899092	3543	0.2	0.699092	17491.8	4258	3790	0.297	0.544	14012	17.945	-1	-1		7.45168	-1	-1	31.0962
1982	8	11615.7	1.09854	4672	0.2	0.89854	6333.73	5386	5386	0.705	0.849	7666	5.58443	-1	-1		2.22006	-1	-1	28.3305
1982	9	16994	1.15751	5970	0.2	0.957512	9639.81	6682	6682	0.815	0.956	11517	7.47936	-1	-1		2.80989	-1	-1	55.7554
1982	10	3128.57	1.06828	9141	0.2	0.868283	1669.13	9141	9141	0.967	0.967	1912	1.31333	-1	-1		0.560931	-1	-1	17.3852
1982	11	853.849	0.946822	11963	0.2	0.746822	412.193	11963	11963	1	1	327	-1	-1	-1		 -1	-1	-1	6.80449
1982	12	500.711	0.869409	14226	0.2	0.669409	223.915	14226	14226	1	1	94	-1	-1	-1		 -1	-1	-1	4.92359
1982	13	112.752	0.708712	17287	0.2	0.508712	41.0916	17287	17287	1	1	43	-1	-1	-1		 -1	-1	-1	1.45461
1982	14	71.3588	0.708712	16590	0.2	0.508712	26.0061	16590	16590	1	1	11	-1	-1	-1		 -1	-1	-1	0.883477
1983	1	209142	0.2	15	0.2	-1	-1	-1	-1	-1	-1	-1	5.24306	-1	-1		4.56141	-1	-1	-1
1983	2	169842	0.2	141	0.2	-1	-1	-1	-1	-1	-1	-1	17.1713	-1	-1		10.6551	-1	-1	-1
1983	3	233035	0.223464	375	0.2	0.023464	4900.06	1095	645	0.019	0	3554	76.1948	-1	-1		36.9374	-1	-1	2.71115
1983	4	104912	0.378538	880	0.2	0.178538	15593.6	1599	1247	0.03	0.087	10910	28.0075	-1	-1		14.0463	-1	-1	3.61528
1983	5	75884.9	0.57695	1557	0.2	0.37695	21735.2	2275	1934	0.047	0.167	24305	26.9113	-1	-1		12.1265	-1	-1	5.97579
1983	6	42199.1	0.755258	2304	0.2	0.555258	16446.3	3021	2658	0.116	0.338	18944	17.4924	-1	-1		8.23454	-1	-1	10.5008
1983	7	35867.2	0.905708	3380	0.2	0.705708	16649.2	4096	3645	0.264	0.515	17382	16.9457	-1	-1		7.00885	-1	-1	25.073
1983	8	15436	1.08176	4767	0.2	0.881756	8316.81	5481	5481	0.53	0.717	8381	7.44608	-1	-1		2.9901	-1	-1	29.0142
1983	9	3872.18	1.11303	6337	0.2	0.91303	2132.75	7049	7049	0.715	0.857	2054	1.71945	-1	-1		0.663444	-1	-1	12.0097
1983	10	5340.64	1.05104	8128	0.2	0.851041	2812.69	8128	8128	0.979	0.979	2733	2.24966	-1	-1		0.97084	-1	-1	26.9367
1983	11	1074.97	0.933475	11009	0.2	0.733475	512.549	11009	11009	0.985	0.985	514	-1	-1	-1		 -1	-1	-1	7.81485
1983	12	331.269	0.868987	13972	0.2	0.668987	148.075	13972	13972	1	1	215	-1	-1	-1		 -1	-1	-1	3.19992
1983	13	209.898	0.721392	15882	0.2	0.521392	77.9652	15882	15882	1	1	64	-1	-1	-1		 -1	-1	-1	2.47279
1983	14	55.5054	0.721392	18498	0.2	0.521392	20.6171	18498	18498	1	1	37	-1	-1	-1		 -1	-1	-1	0.761613
1984	1	490835	0.2	15	0.2	-1	-1	-1	-1	-1	-1	-1	48.3354	-1	-1		35.0803	-1	-1	-1
1984	2	171231	0.2	141	0.2	-1	-1	-1	-1	-1	-1	-1	17.47	-1	-1		10.8299	-1	-1	-1
1984	3	139055	0.238551	569	0.2	0.0385508	4769.22	1288	645	0.019	0	6750	27.6669	-1	-1		14.8466	-1	-1	1.6157
1984	4	186368	0.400279	1006	0.2	0.200279	30759.8	1725	1346	0.024	0.043	31553	78.079	-1	-1		39.6167	-1	-1	5.52404
1984	5	71850.3	0.577252	1878	0.2	0.377252	20593.2	2596	2207	0.053	0.189	19420	24.771	-1	-1		11.2567	-1	-1	7.28048
1984	6	42617.6	0.730765	2865	0.2	0.530765	16048.3	3581	3151	0.169	0.416	15326	17.7526	-1	-1		8.48076	-1	-1	18.4493
1984	7	19828.9	0.874532	3656	0.2	0.674532	8915.63	4371	3890	0.444	0.656	8082	9.42689	-1	-1		3.97265	-1	-1	25.1775
1984	8	14499.5	1.00613	5085	0.2	0.80613	7369.64	5798	5798	0.62	0.782	7336	7.10091	-1	-1		2.98386	-1	-1	34.8591
1984	9	5232.81	0.950764	6745	0.2	0.750764	2535.24	7456	7456	0.716	0.858	2680	2.40028	-1	-1		1.02085	-1	-1	18.5743
1984	10	1272.25	0.900829	9851	0.2	0.700829	587.704	9851	9851	0.949	0.949	512	0.55226	-1	-1		0.260805	-1	-1	8.09882
1984	11	1866.95	0.795534	11052	0.2	0.595534	766.803	11052	11052	0.969	0.969	538	-1	-1	-1		 -1	-1	-1	14.3157
1984	12	422.662	0.757115	14338	0.2	0.557115	165.142	14338	14338	0.948	0.948	195	-1	-1	-1		 -1	-1	-1	4.18952
1984	13	138.927	0.629616	15273	0.2	0.429616	44.289	15273	15273	1	1	90	-1	-1	-1		 -1	-1	-1	1.64436
1984	14	102.026	0.629616	16660	0.2	0.429616	32.5253	16660	16660	1	1	36	-1	-1	-1		 -1	-1	-1	1.31726
1985	1	387900	0.2	14	0.2	-1	-1	-1	-1	-1	-1	-1	26.1891	16.54	-0.444074		19.9818	-1	-1	-1
1985	2	401861	0.2	137	0.2	-1	-1	-1	-1	-1	-1	-1	106.363	110.48	0.0363751		59.5281	-1	-1	-1
1985	3	140192	0.250006	388	0.2	0.0500058	6202.77	1407	485	0	0.027	6457	27.9847	35.41	0.211447		14.8205	-1	-1	0
1985	4	109543	0.429843	1117	0.2	0.229843	20465.1	1971	1375	0.021	0.058	24552	29.7159	48.25	0.442429		14.1027	-1	-1	2.88685
1985	5	124891	0.621492	1735	0.2	0.421492	39204.3	2576	1750	0.185	0.202	35392	56.4846	64.59	0.128646		22.7101	-1	-1	34.6442
1985	6	40339.5	0.777642	2583	0.2	0.577642	16196.3	3650	2709	0.412	0.548	18267	16.6468	22.95	0.276902		7.73196	-1	-1	36.0966
1985	7	20522.1	0.914462	3229	0.2	0.714462	9608.51	4976	3454	0.495	0.774	8711	9.67883	15.26	0.412717		3.98226	-1	-1	25.4042
1985	8	8269.8	1.03332	4680	0.2	0.833324	4296.13	6372	6372	0.735	0.903	4201	4.02804	5.04	0.189933		1.66522	-1	-1	25.597
1985	9	5301.48	0.96257	5880	0.2	0.76257	2595.95	8207	8207	0.572	0.938	2264	2.42605	3.39	0.298058		1.02452	-1	-1	16.4547
1985	10	2022.2	0.897409	7051	0.2	0.697409	930.932	10320	10320	1	1	1063	0.878399	1.84	0.660132		0.415676	-1	-1	14.2336
1985	11	516.829	0.79299	15084	0.2	0.59299	211.602	12197	12197	1	1	217	-1	-1	-1		 -1	-1	-1	4.519
1985	12	842.628	0.756763	16054	0.2	0.556763	329.072	14683	14683	1	1	233	-1	-1	-1		 -1	-1	-1	9.02398
1985	13	198.236	0.634666	20779	0.2	0.434666	63.795	16175	16175	1	1	102	-1	-1	-1		 -1	-1	-1	2.47895
1985	14	74.0196	0.634666	21674	0.2	0.434666	23.8205	19050	19050	1	1	38	-1	-1	-1		 -1	-1	-1	1.09014
1986	1	261800	0.2	15	0.2	-1	-1	-1	-1	-1	-1	-1	9.4087	15.07	0.444004		7.80409	-1	-1	-1
1986	2	317586	0.2	159	0.2	-1	-1	-1	-1	-1	-1	-1	64.6185	60.58	-0.059963		37.1995	-1	-1	-1
1986	3	329016	0.26141	615	0.2	0.0614102	17779.9	1459	758	0.001	0.005	20642	147.129	95.95	-0.414995		63.5504	-1	-1	0.235996
1986	4	109181	0.461403	1219	0.2	0.261403	22861.8	1961	1597	0.023	0.054	20330	29.2062	22.46	-0.230295		13.3728	-1	-1	3.6394
1986	5	71269.9	0.71544	2250	0.2	0.51544	26239.3	2844	2882	0.149	0.244	26644	23.4649	21.51	-0.0781049		9.58335	-1	-1	25.6186
1986	6	67084.5	0.912837	2969	0.2	0.712837	31359.4	3593	3246	0.395	0.543	30839	26.9451	27.44	0.0163314		11.5401	-1	-1	66.2548
1986	7	18535.5	1.02355	4336	0.2	0.823552	9554.98	4635	4581	0.682	0.762	11413	8.55324	7.17	-0.152187		3.29618	-1	-1	40.2168
1986	8	8223.87	1.15452	5601	0.2	0.954517	4656.04	6155	6155	0.734	0.891	4441	3.90974	2.8	-0.268046		1.50296	-1	-1	23.2879
1986	9	2942.58	1.07024	7243	0.2	0.87024	1572.17	7503	7503	0.941	0.981	1771	1.31789	0.93	-0.264697		0.521728	-1	-1	13.0485
1986	10	2024.69	0.965271	8337	0.2	0.765271	993.8	9084	9084	0.962	0.962	805	0.867624	0.82	-0.0479298		0.394196	-1	-1	11.6832
1986	11	824.297	0.857332	10802	0.2	0.657332	363.849	10356	10356	0.988	0.988	392	-1	-1	-1		 -1	-1	-1	5.86335
1986	12	233.86	0.809918	15722	0.2	0.609918	97.7601	15283	15283	1	1	103	-1	-1	-1		 -1	-1	-1	2.54156
1986	13	395.347	0.682898	20107	0.2	0.482898	138.341	14540	14540	1	1	76	-1	-1	-1		 -1	-1	-1	4.34302
1986	14	105.088	0.682898	21343	0.2	0.482898	36.7725	15017	15017	1	1	44	-1	-1	-1		 -1	-1	-1	1.19229
1987	1	133083	0.2	14	0.2	-1	-1	-1	-1	-1	-1	-1	1.61591	3.65	0.626362		1.54754	-1	-1	-1
1987	2	214344	0.2	117	0.2	-1	-1	-1	-1	-1	-1	-1	28.1064	28.29	0.0055685		16.9609	-1	-1	-1
1987	3	260017	0.255528	466	0.2	0.0555276	12741	1316	576	0.002	0.02	11002	93.1768	104.44	0.110148		42.69	-1	-1	0.283589
1987	4	253331	0.471659	1198	0.2	0.271659	54867	1956	1584	0.033	0.046	62130	132.152	82.67	-0.453393		63.0684	-1	-1	11.9952
1987	5	68827.5	0.753761	1752	0.2	0.553761	26769.5	2686	2423	0.093	0.238	27192	22.0003	21.41	-0.0243351		8.76838	-1	-1	12.86
1987	6	34849.3	1.01647	2985	0.2	0.816466	17862.7	3894	3522	0.36	0.585	15127	13.7104	12.76	-0.0581632		5.51794	-1	-1	33.0076
1987	7	26926.7	1.10541	4206	0.2	0.905408	14753	4716	4905	0.49	0.808	15695	12.2236	12.94	0.0518264		4.48486	-1	-1	43.5607
1987	8	6660.12	1.26049	6353	0.2	1.06049	4014.74	6257	6257	0.885	0.942	4159	3.09991	2.79	-0.0825809		1.11823	-1	-1	22.0704
1987	9	2592.24	1.18902	7005	0.2	0.989019	1499.6	7368	7368	0.782	0.952	1463	1.13373	0.98	-0.109378		0.417949	-1	-1	8.86407
1987	10	1009.09	1.045	10124	0.2	0.845	528.994	9243	9243	1	1	592	0.425576	0.42	-0.00973454		0.184324	-1	-1	5.92895
1987	11	771.163	0.941274	12056	0.2	0.741274	370.378	10697	10697	0.979	0.979	253	-1	-1	-1		 -1	-1	-1	5.39405
1987	12	349.743	0.887637	15107	0.2	0.687637	159.414	10622	10622	1	1	142	-1	-1	-1		 -1	-1	-1	2.5456
1987	13	104.043	0.764318	17807	0.2	0.564318	41.0476	15894	15894	1	1	46	-1	-1	-1		 -1	-1	-1	1.20179
1987	14	199.71	0.764318	20252	0.2	0.564318	78.7905	12592	12592	1	1	58	-1	-1	-1		 -1	-1	-1	1.82758
1988	1	194728	0.2	11	0.2	-1	-1	-1	-1	-1	-1	-1	4.35349	3.45	-0.196113		3.84539	-1	-1	-1
1988	2	108959	0.2	122	0.2	-1	-1	-1	-1	-1	-1	-1	6.7081	7.06	0.0301977		4.38993	-1	-1	-1
1988	3	175490	0.247038	494	0.2	0.0470381	7314.13	1438	610	0.006	0.039	6713	43.4182	72.51	0.482053		21.9219	-1	-1	0.608531
1988	4	201385	0.457961	1076	0.2	0.257961	41679.8	1805	1475	0.029	0.02	39323	87.9096	103.56	0.157896		41.9966	-1	-1	7.82235
1988	5	158070	0.721915	1964	0.2	0.521915	58759.4	2576	2261	0.225	0.206	55895	78.297	69.54	-0.114635		28.0329	-1	-1	67.2055
1988	6	32389.7	0.993988	3101	0.2	0.793988	16297.2	3519	3277	0.511	0.477	18663	12.8002	8.39	-0.324613		5.22156	-1	-1	40.787
1988	7	12611	1.12129	3557	0.2	0.921287	6985.17	4930	4398	0.448	0.689	6399	5.7067	6.41	0.0963732		2.07395	-1	-1	16.6236
1988	8	8914.76	1.30437	4373	0.2	1.10437	5499.8	6001	6001	0.683	0.831	5877	4.11306	7.23	0.490498		1.44516	-1	-1	21.4508
1988	9	1888.24	1.2752	8175	0.2	1.0752	1147.3	7144	7144	0.937	0.929	1345	0.811718	0.67	-0.130097		0.284161	-1	-1	7.19925
1988	10	789.389	1.13657	9494	0.2	0.936574	441.731	8822	8822	0.946	0.946	455	0.326878	0.28	-0.103475		0.134007	-1	-1	4.00881
1988	11	354.888	1.06965	10754	0.2	0.869646	189.528	9977	9977	0.974	0.974	305	-1	-1	-1		 -1	-1	-1	2.16661
1988	12	300.854	1.01749	7669	0.2	0.817486	154.336	11732	11732	0.821	0.821	157	-1	-1	-1		 -1	-1	-1	1.86641
1988	13	143.964	0.908024	16890	0.2	0.708024	66.9799	14156	14156	1	1	114	-1	-1	-1		 -1	-1	-1	1.38295
1988	14	48.4478	0.908024	21128	0.2	0.708024	22.5406	13042	13042	1	1	25	-1	-1	-1		 -1	-1	-1	0.428776
1989	1	159372	0.2	22	0.2	-1	-1	-1	-1	-1	-1	-1	2.58385	4.04	0.365161		2.38154	-1	-1	-1
1989	2	159430	0.2	150	0.2	-1	-1	-1	-1	-1	-1	-1	15.0185	16.4	0.0674835		9.39019	-1	-1	-1
1989	3	89208.1	0.240661	547	0.2	0.0406606	3223.79	1186	673	0.008	0	2605	11.6293	22.06	0.523053		6.8837	-1	-1	0.455296
1989	4	137077	0.441879	1141	0.2	0.241879	26800.3	1813	1494	0.025	0.048	27983	44.2781	79.9	0.556278		21.0248	-1	-1	4.66265
1989	5	127391	0.66276	1935	0.2	0.46276	43101.9	2590	2338	0.142	0.226	50059	57.4827	74.16	0.245124		22.3071	-1	-1	35.8686
1989	6	76793.8	0.853557	3054	0.2	0.653557	33757.2	3915	3429	0.372	0.55	31455	31.2128	39.11	0.207084		13.8519	-1	-1	76.7903
1989	7	11987.4	0.994059	4394	0.2	0.794059	6031.92	5210	4686	0.645	0.829	6010	5.56431	4.85	-0.110822		2.18261	-1	-1	25.447
1989	8	4109.41	1.09519	6278	0.2	0.895194	2235.48	6892	6892	0.652	0.858	1915	1.97699	1.71	-0.100703		0.787518	-1	-1	11.8785
1989	9	2418.96	0.993885	7037	0.2	0.793885	1217.02	8035	8035	0.634	0.887	881	1.10004	1.42	0.199385		0.455903	-1	-1	8.02654
1989	10	527.529	0.914136	12575	0.2	0.714136	246.912	9831	9831	0.991	0.991	225	0.228382	0.27	0.104351		0.106996	-1	-1	3.47747
1989	11	253.328	0.840851	13344	0.2	0.640851	109.792	11986	11986	1	1	107	-1	-1	-1		 -1	-1	-1	2.12758
1989	12	121.773	0.815432	17820	0.2	0.615432	51.2421	10003	10003	0.903	0.903	86	-1	-1	-1		 -1	-1	-1	0.780119
1989	13	108.76	0.70185	25278	0.2	0.50185	39.2206	12611	12611	0.859	0.859	38	-1	-1	-1		 -1	-1	-1	0.882131
1989	14	58.0635	0.70185	25764	0.2	0.50185	20.9387	16045	16045	1	1	5	-1	-1	-1		 -1	-1	-1	0.697535
1990	1	259957	0.2	19	0.2	-1	-1	-1	-1	-1	-1	-1	9.23716	5.56	-0.460922		7.67332	-1	-1	-1
1990	2	130483	0.2	134	0.2	-1	-1	-1	-1	-1	-1	-1	9.82595	11.79	0.126246		6.29289	-1	-1	-1
1990	3	130530	0.250173	459	0.2	0.0501728	5794.11	1290	563	0.006	0	5785	24.3444	26.1	0.0610365		13.1	-1	-1	0.417642
1990	4	70127.2	0.450378	1039	0.2	0.250378	14136.7	1704	1035	0.012	0.075	12313	13.2293	14.18	0.0549867		5.96459	-1	-1	0.791992
1990	5	88117	0.670658	1816	0.2	0.470658	30216.4	2383	2170	0.155	0.303	27179	32.8054	27.91	-0.149015		13.4155	-1	-1	25.0867
1990	6	100226	0.861976	2598	0.2	0.661976	44464.3	3034	2798	0.437	0.633	44534	40.6684	35.22	-0.132908		17.9572	-1	-1	95.8293
1990	7	32706.3	0.988446	3880	0.2	0.788446	16379.6	4624	4422	0.581	0.819	17037	15.1987	16.74	0.0895971		5.98183	-1	-1	59.1436
1990	8	4436.18	1.05765	6056	0.2	0.857652	2348.07	6521	6521	0.796	0.912	2573	2.15028	1.75	-0.145277		0.87606	-1	-1	15.0574
1990	9	1374.49	0.943238	8178	0.2	0.743238	661.35	8888	8888	0.814	0.953	609	0.631428	0.58	-0.0538244		0.269764	-1	-1	6.63573
1990	10	895.343	0.881192	9611	0.2	0.681192	405.389	10592	10592	0.986	0.986	322	0.390181	0.48	0.153816		0.186447	-1	-1	6.4271
1990	11	211.467	0.812504	15576	0.2	0.612504	88.6745	10993	10993	1	1	118	-1	-1	-1		 -1	-1	-1	1.65104
1990	12	109.271	0.790197	17820	0.2	0.590197	44.5815	14570	14570	1	1	50	-1	-1	-1		 -1	-1	-1	1.14284
1990	13	53.878	0.679417	17761	0.2	0.479417	18.7462	15732	15732	1	1	15	-1	-1	-1		 -1	-1	-1	0.641454
1990	14	53.9086	0.679417	9310	0.2	0.479417	18.7568	17290	17290	1	1	20	-1	-1	-1		 -1	-1	-1	0.70538
1991	1	202191	0.2	18	0.2	-1	-1	-1	-1	-1	-1	-1	4.80137	3.95	-0.167466		4.20725	-1	-1	-1
1991	2	212835	0.2	147	0.2	-1	-1	-1	-1	-1	-1	-1	27.689	16.02	-0.445505		16.7232	-1	-1	-1
1991	3	106830	0.285703	552	0.2	0.0857026	7963.88	1309	686	0	0	8554	16.242	18.2	0.0943375		8.82828	-1	-1	0
1991	4	101639	0.501732	1166	0.2	0.301732	24114.6	1899	1283	0.055	0.063	25131	25.31	30.24	0.157507		11.0231	-1	-1	6.46174
1991	5	44698.2	0.764973	1844	0.2	0.564973	17650	2475	2039	0.149	0.214	15491	11.3997	15.49	0.25705		4.82357	-1	-1	11.2287
1991	6	45060.6	1.01181	2590	0.2	0.811813	23009.7	3159	2747	0.369	0.543	21514	17.7442	18.94	0.0557551		7.16137	-1	-1	34.167
1991	7	42328.2	1.08362	3272	0.2	0.883621	22836.8	3792	3397	0.637	0.781	25038	19.2991	22.45	0.142688		7.17408	-1	-1	62.1666
1991	8	12171.8	1.14646	5746	0.2	0.946464	6855.45	5680	5680	0.79	0.887	6364	5.79596	4.91	-0.144004		2.23884	-1	-1	34.3549
1991	9	1540.55	1.03591	7627	0.2	0.835914	801.938	7242	7242	0.682	0.945	903	0.694718	0.94	0.210895		0.28075	-1	-1	4.85779
1991	10	535.18	0.961917	14500	0.2	0.761917	261.906	9804	9804	0.842	0.842	243	0.22949	0.31	0.192397		0.104477	-1	-1	2.92188
1991	11	370.931	0.90328	17419	0.2	0.70328	171.768	9754	9754	1	1	125	-1	-1	-1		 -1	-1	-1	2.46077
1991	12	93.8374	0.871711	17820	0.2	0.671711	42.0662	14344	14344	1	1	63	-1	-1	-1		 -1	-1	-1	0.929353
1991	13	49.5824	0.763532	22019	0.2	0.563532	19.541	14172	14172	1	1	11	-1	-1	-1		 -1	-1	-1	0.510862
1991	14	27.3114	0.763532	24478	0.2	0.563532	10.7637	20200	20200	1	1	12	-1	-1	-1		 -1	-1	-1	0.401089
1992	1	115917	0.2	24	0.2	-1	-1	-1	-1	-1	-1	-1	1.12787	0.71	-0.25636		1.11231	-1	-1	-1
1992	2	165540	0.2	134	0.2	-1	-1	-1	-1	-1	-1	-1	16.2634	16.91	0.0302791		10.1228	-1	-1	-1
1992	3	174254	0.301617	500	0.2	0.101617	15286.2	1289	619	0.002	0.072	12217	41.9216	33.6	-0.202123		20.0851	-1	-1	0.203441
1992	4	80281.5	0.519822	1012	0.2	0.319822	20022.8	1768	1336	0.062	0.225	21708	16.4543	18.95	0.117348		6.91782	-1	-1	5.97169
1992	5	61540.8	0.798222	1847	0.2	0.598222	25360.8	2469	2094	0.265	0.562	26524	18.3206	16.66	-0.0828916		7.17883	-1	-1	28.0052
1992	6	20800.1	1.0707	2571	0.2	0.870702	11117	3292	3029	0.402	0.706	11413	8.09491	6.87	-0.115769		3.15359	-1	-1	18.6186
1992	7	16382.2	1.12449	3657	0.2	0.924486	9093.64	4394	3753	0.813	0.906	10073	7.4085	6.35	-0.130474		2.68726	-1	-1	33.4005
1992	8	14322.5	1.2037	5056	0.2	1.0037	8358.94	5582	5582	0.917	0.961	8304	6.74248	5.78	-0.136322		2.51653	-1	-1	44.9755
1992	9	3867.69	1.08352	7457	0.2	0.883516	2086.52	6830	6830	0.894	0.977	2006	1.72762	1.49	-0.121457		0.678508	-1	-1	14.739
1992	10	546.746	0.992534	13573	0.2	0.792534	274.764	8127	8127	1	1	257	0.233019	0.23	-0.00791259		0.104152	-1	-1	2.89615
1992	11	204.524	0.932116	25735	0.2	0.732116	97.393	12679	12679	1	1	46	-1	-1	-1		 -1	-1	-1	1.73961
1992	12	150.315	0.894005	13507	0.2	0.694005	68.9609	13410	13410	1	1	32	-1	-1	-1		 -1	-1	-1	1.37705
1992	13	39.2461	0.790979	14061	0.2	0.590979	16.0278	15715	15715	1	1	9	-1	-1	-1		 -1	-1	-1	0.442558
1992	14	23.1063	0.790979	24478	0.2	0.590979	9.4364	11267	11267	1	1	8	-1	-1	-1		 -1	-1	-1	0.186809
1993	1	225276	0.2	12	0.2	-1	-1	-1	-1	-1	-1	-1	6.36239	3.57	-0.501325		5.44851	-1	-1	-1
1993	2	94905.1	0.2	171	0.2	-1	-1	-1	-1	-1	-1	-1	5.00737	4.77	-0.0245768		3.33161	-1	-1	-1
1993	3	135533	0.337975	576	0.2	0.137975	15867.9	1392	708	0.006	0.078	20500	25.3153	30.87	0.175999		12.3829	-1	-1	0.541278
1993	4	128882	0.512732	1166	0.2	0.312732	31533.6	1887	1363	0.085	0.246	33078	38.6359	36.79	-0.0446988		16.8696	-1	-1	13.426
1993	5	47737.5	0.754308	1944	0.2	0.554308	18580.7	2772	2309	0.267	0.47	15195	12.6354	13.53	0.057226		5.33512	-1	-1	24.3994
1993	6	27701.2	1.00433	2991	0.2	0.804327	14058.7	3762	3235	0.464	0.714	13281	10.9247	10.61	-0.02268		4.42894	-1	-1	31.1731
1993	7	7129.62	1.08898	3962	0.2	0.888982	3861.37	4930	4109	0.693	0.939	3583	3.2472	2.42	-0.203514		1.2032	-1	-1	13.7511
1993	8	5321.25	1.23153	5378	0.2	1.03153	3156.31	6054	6054	0.801	0.984	2785	2.49113	2.03	-0.150461		0.914378	-1	-1	15.6388
1993	9	4297.94	1.21361	5985	0.2	1.01361	2523.09	7450	7450	0.843	0.973	2707	1.8705	1.4	-0.238116		0.679459	-1	-1	15.8325
1993	10	1308.84	1.12042	9340	0.2	0.920416	724.533	8641	8641	0.968	0.968	1181	0.543731	0.41	-0.214148		0.22508	-1	-1	6.71335
1993	11	202.644	1.08616	12788	0.2	0.886158	109.529	10901	10901	1	1	180	-1	-1	-1		 -1	-1	-1	1.37692
1993	12	80.5252	1.03476	17611	0.2	0.834757	41.8796	12517	12517	1	1	34	-1	-1	-1		 -1	-1	-1	0.643858
1993	13	61.4811	0.946612	21871	0.2	0.746612	29.6741	14742	14742	1	1	11	-1	-1	-1		 -1	-1	-1	0.603832
1993	14	17.7942	0.946612	23660	0.2	0.746612	8.58845	16874	16874	1	1	13	-1	-1	-1		 -1	-1	-1	0.200039
1994	1	246934	0.2	13	0.2	-1	-1	-1	-1	-1	-1	-1	8.08015	14.4	0.541249		6.78589	-1	-1	-1
1994	2	184441	0.2	174	0.2	-1	-1	-1	-1	-1	-1	-1	20.4471	14.96	-0.245382		12.5631	-1	-1	-1
1994	3	77701.7	0.288404	686	0.2	0.0884036	5967.31	1443	847	0.008	0.096	6160	8.71916	9.04	0.0258144		5.07875	-1	-1	0.497079
1994	4	96663.7	0.441481	1412	0.2	0.241481	18871.3	2063	1728	0.11	0.281	24142	23.6324	26.91	0.113685		10.9823	-1	-1	16.7343
1994	5	77182.1	0.583396	2044	0.2	0.383396	22419.3	2562	2254	0.339	0.57	19666	27.5575	22.43	-0.186666		12.322	-1	-1	51.0108
1994	6	22452.7	0.731742	3182	0.2	0.531742	8466.81	3659	3340	0.591	0.796	6968	9.35095	6.09	-0.303396		4.46451	-1	-1	36.019
1994	7	10146.7	0.877259	4134	0.2	0.677259	4575.35	5117	4514	0.702	0.895	4393	4.82123	3.96	-0.153118		2.02843	-1	-1	23.6131
1994	8	2399.54	0.966069	6274	0.2	0.766069	1178.62	6262	6262	0.917	0.919	1257	1.18459	0.8	-0.214204		0.509884	-1	-1	9.37789
1994	9	1552.98	0.909759	8313	0.2	0.709759	723.769	7719	7719	0.698	1	599	0.718216	0.53	-0.193823		0.313068	-1	-1	5.67329
1994	10	1277.01	0.887444	9895	0.2	0.687444	581.948	8896	8896	0.852	0.852	508	0.555812	0.52	-0.0520712		0.264599	-1	-1	6.63291
1994	11	426.87	0.840614	13853	0.2	0.640614	184.956	10847	10847	0.985	0.985	283	-1	-1	-1		 -1	-1	-1	3.19609
1994	12	68.3945	0.821621	16375	0.2	0.621621	28.9922	12874	12874	1	1	49	-1	-1	-1		 -1	-1	-1	0.622652
1994	13	28.6116	0.732457	17356	0.2	0.532457	10.8004	14742	14742	1	1	18	-1	-1	-1		 -1	-1	-1	0.31123
1994	14	23.858	0.732457	24590	0.2	0.532457	9.006	17470	17470	1	1	6	-1	-1	-1		 -1	-1	-1	0.307545
1995	1	131671	0.2	10	0.2	-1	-1	-1	-1	-1	-1	-1	1.57167	1.08	-0.241492		1.50858	-1	-1	-1
1995	2	202172	0.2	134	0.2	-1	-1	-1	-1	-1	-1	-1	24.8338	29.31	0.140807		15.0914	-1	-1	-1
1995	3	151007	0.261477	605	0.2	0.0614771	8168.99	1348	745	0.005	0.043	10770	32.2058	24.8	-0.232086		16.5829	-1	-1	0.532279
1995	4	58234.2	0.395622	1377	0.2	0.195622	9408.41	1959	1635	0.109	0.394	9103	9.66013	9.06	-0.0463499		4.57926	-1	-1	9.5305
1995	5	62162.8	0.518679	2284	0.2	0.318679	15456.5	2920	2345	0.384	0.729	16829	20.2465	24.53	0.172155		9.85611	-1	-1	49.2002
1995	6	43067.6	0.621654	2989	0.2	0.421654	13523.5	3625	3186	0.528	0.849	13066	18.3358	18.44	0.00484577		9.35202	-1	-1	60.8291
1995	7	10801.3	0.76921	4450	0.2	0.56921	4289.15	5176	4489	0.752	0.853	4115	5.24438	4.02	-0.209086		2.35424	-1	-1	27.906
1995	8	4220.24	0.825746	5325	0.2	0.625746	1797.61	6416	6416	0.787	0.954	1596	2.14272	1.91	-0.0820956		1.00331	-1	-1	15.4207
1995	9	913.206	0.752633	8072	0.2	0.552633	354.631	7916	7916	0.859	1	313	0.435819	0.38	-0.0736816		0.208753	-1	-1	4.53806
1995	10	625.262	0.762683	9259	0.2	0.562683	246.143	10273	10273	1	1	184	0.279018	0.2	-0.203566		0.143154	-1	-1	4.67176
1995	11	525.754	0.716938	10803	0.2	0.516938	194	11022	11022	1	1	156	-1	-1	-1		 -1	-1	-1	4.30765
1995	12	184.171	0.71212	13194	0.2	0.51212	67.4679	11407	11407	1	1	141	-1	-1	-1		 -1	-1	-1	1.56527
1995	13	30.0743	0.628612	5238	0.2	0.428612	9.56941	13098	13098	1	1	29	-1	-1	-1		 -1	-1	-1	0.305418
1995	14	13.7544	0.628612	24590	0.2	0.428612	4.37653	15182	15182	1	1	8	-1	-1	-1		 -1	-1	-1	0.161906
1996	1	240920	0.2	11	0.2	-1	-1	-1	-1	-1	-1	-1	7.57774	3.72	-0.625329		6.39737	6.69	0.0402916	-1
1996	2	107803	0.2	155	0.2	-1	-1	-1	-1	-1	-1	-1	6.55836	5.46	-0.101985		4.29742	3.57	-0.0836248	-1
1996	3	165525	0.236194	551	0.2	0.0361943	5336.09	1457	678	0.002	0.078	5356	38.9028	42.72	0.0861004		20.1178	20	-0.00498826	0.212849
1996	4	116262	0.36055	1350	0.2	0.16055	15671.4	1930	1753	0.031	0.097	14886	33.9074	29.71	-0.118713		17.4668	13.98	-0.181032	5.83872
1996	5	39206.9	0.482468	2083	0.2	0.282468	8785.56	3132	2490	0.186	0.512	7372	10.1816	13.22	0.213944		5.48632	5.4	-0.0107929	16.1041
1996	6	37005.9	0.611702	3323	0.2	0.411702	11396.6	4141	3531	0.499	0.742	12307	15.7865	15.35	-0.0233695		8.09997	7.44	-0.0606777	54.9073
1996	7	23129.7	0.758016	4045	0.2	0.558016	9048.22	4922	4273	0.65	0.862	9429	11.2554	15.1	0.268164		5.08666	6.26	0.170007	49.3772
1996	8	5005.1	0.824274	5266	0.2	0.624274	2128.26	6009	6009	0.733	0.911	2157	2.54196	4.2	0.401889		1.1913	1.6	0.185829	15.9634
1996	9	1848.08	0.771986	7485	0.2	0.571986	736.55	7406	7406	0.812	0.841	837	0.87857	1.14	0.192925		0.415968	0.31	-0.148901	8.04736
1996	10	430.234	0.787485	9966	0.2	0.587485	174.93	9772	9772	1	1	208	0.191038	0.21	0.0541094		0.0965667	0.09	-0.0269936	3.02183
1996	11	291.631	0.743614	11200	0.2	0.543614	111.843	10539	10539	1	1	76	-1	-1	-1		 -1	-1	-1	2.25581
1996	12	256.697	0.732381	13347	0.2	0.532381	96.8882	13503	13503	0.986	0.986	65	-1	-1	-1		 -1	-1	-1	2.52189
1996	13	90.355	0.654585	20574	0.2	0.454585	30.1406	13689	13689	0.971	0.971	55	-1	-1	-1		 -1	-1	-1	0.919724
1996	14	16.0396	0.654585	19594	0.2	0.454585	5.35048	16194	16194	1	1	5	-1	-1	-1		 -1	-1	-1	0.198912
1997	1	105693	0.2	18	0.2	-1	-1	-1	-1	-1	-1	-1	0.886845	1.18	0.167581		0.891939	0.67	-0.148134	-1
1997	2	197249	0.2	140	0.2	-1	-1	-1	-1	-1	-1	-1	23.5706	22.26	-0.0473486		14.3661	16.89	0.123889	-1
1997	3	88262	0.225485	546	0.2	0.0254846	2013.76	1484	670	0.006	0.073	1722	11.4575	13.59	0.132863		6.90129	6.83	-0.00684418	0.336778
1997	4	130703	0.344986	1194	0.2	0.144986	16026.9	1877	1347	0.037	0.305	16442	42.0861	56.82	0.27958		22.2276	29.57	0.250289	6.03678
1997	5	81069	0.475403	2168	0.2	0.275403	17769.4	2878	2267	0.246	0.502	17298	30.675	29.85	-0.0251412		14.8085	15.76	0.0533482	40.1665
1997	6	24200.7	0.621833	3220	0.2	0.421833	7601.77	4028	3746	0.424	0.74	6711	10.303	9.96	-0.0259033		5.25437	4.09	-0.1499	32.2716
1997	7	20073	0.783687	4865	0.2	0.583687	8122.21	5402	5245	0.685	0.88	7379	9.7179	9.47	-0.0228719		4.3247	3.62	-0.135274	54.8908
1997	8	10838.5	0.868808	5508	0.2	0.668808	4843.78	6386	6386	0.787	0.922	5958	5.45577	7.31	0.259229		2.48945	2.36	-0.0400241	38.6835
1997	9	2195.01	0.850038	6460	0.2	0.650038	961.144	7344	7344	0.804	0.971	1147	1.02733	0.61	-0.360972		0.464149	0.25	-0.305214	9.04167
1997	10	853.986	0.867753	6902	0.2	0.667753	381.222	8537	8537	0.932	0.932	493	0.37316	0.24	-0.29374		0.179757	0.17	-0.030035	4.70031
1997	11	195.751	0.832368	10822	0.2	0.632368	84.022	10797	10797	1	1	126	-1	-1	-1		 -1	-1	-1	1.48694
1997	12	138.639	0.80873	10711	0.2	0.60873	57.872	11533	11533	0.913	0.913	28	-1	-1	-1		 -1	-1	-1	1.03868
1997	13	123.41	0.736442	12980	0.2	0.536442	46.852	10428	10428	1	1	37	-1	-1	-1		 -1	-1	-1	0.947783
1997	14	46.9537	0.736442	27466	0.2	0.536442	17.8257	12788	12788	1	1	21	-1	-1	-1		 -1	-1	-1	0.44221
1998	1	256335	0.2	15	0.2	-1	-1	-1	-1	-1	-1	-1	8.90578	8.07	-0.0908298		7.42012	5.92	-0.203693	-1
1998	2	86534.5	0.2	158	0.2	-1	-1	-1	-1	-1	-1	-1	4.11813	5.38	0.132757		2.77045	2.63	-0.018802	-1
1998	3	161493	0.228699	485	0.2	0.0286986	4142.87	1230	599	0	0.026	3458	37.1847	30	-0.194043		19.4806	15.62	-0.183476	0
1998	4	70444.5	0.35388	1208	0.2	0.15388	9129.53	1750	1516	0.061	0.258	7707	13.808	16.19	0.128318		6.94412	7.36	0.0387195	6.02743
1998	5	92567.6	0.531057	2041	0.2	0.331057	23775.9	2458	2261	0.209	0.48	25394	36.876	63.32	0.513208		16.6884	16.01	-0.0358905	38.3296
1998	6	50395.3	0.721935	3017	0.2	0.521935	18734	3559	3263	0.491	0.646	20167	21.0295	29.98	0.315381		10.0996	16.03	0.370838	65.808
1998	7	12994.8	0.86584	4253	0.2	0.66584	5789.05	5213	4474	0.782	0.83	5893	6.18862	7	0.103593		2.62163	5.2	0.510923	33.5347
1998	8	9167.72	0.980854	5437	0.2	0.780854	4561.56	7737	7737	0.814	0.942	3856	4.5125	5.77	0.212091		1.92517	2.24	0.10895	39.0434
1998	9	4546.21	1.00334	6348	0.2	0.803339	2305.38	7837	7837	0.81	0.985	2951	2.06353	3.32	0.419103		0.850372	1.27	0.299795	18.7133
1998	10	938.142	1.00778	8387	0.2	0.807778	477.474	9304	9304	0.925	0.925	500	0.398612	0.75	0.495004		0.176544	0.2	0.0693672	5.22429
1998	11	358.584	0.994247	6367	0.2	0.794247	180.464	10759	10759	0.998	0.998	196	-1	-1	-1		 -1	-1	-1	2.50751
1998	12	85.1552	0.955358	10711	0.2	0.755358	41.4288	14903	14903	1	1	55	-1	-1	-1		 -1	-1	-1	0.84196
1998	13	61.7531	0.89806	25319	0.2	0.69806	28.4471	16651	16651	1	1	33	-1	-1	-1		 -1	-1	-1	0.701092
1998	14	59.0906	0.89806	27466	0.2	0.69806	27.2206	18666	18666	1	1	13	-1	-1	-1		 -1	-1	-1	0.752048
1999	1	241065	0.2	14	0.2	-1	-1	-1	-1	-1	-1	-1	7.58961	7.4	-0.0230825		6.40658	8.61	0.269404	-1
1999	2	209869	0.2	140	0.2	-1	-1	-1	-1	-1	-1	-1	26.8784	33.1	0.179471		16.2609	14.54	-0.0853707	-1
1999	3	70848.4	0.244475	578	0.2	0.0444746	2795.35	1241	711	0.012	0.048	2525	7.4079	7.03	-0.0350956		4.60164	5.68	0.12424	0.572829
1999	4	128479	0.376813	1070	0.2	0.176813	18927.4	1716	1467	0.044	0.297	19554	40.3431	42.64	0.05096		20.5327	23.38	0.11157	7.6415
1999	5	49449.2	0.594114	1847	0.2	0.394114	14694	2426	1932	0.239	0.554	15226	13.9911	13.33	-0.040776		6.65858	7.42	0.0794034	19.6971
1999	6	54428.2	0.855259	2867	0.2	0.655259	23970.5	3443	2996	0.516	0.716	24622	22.1148	24.82	0.101874		9.80428	9.94	0.0104543	65.9275
1999	7	24482.6	0.951564	3820	0.2	0.751564	11870.2	4720	3961	0.649	0.825	12966	11.4614	11.99	0.0407623		4.61185	4.05	-0.100849	44.927
1999	8	5466.89	1.07183	4981	0.2	0.871834	2924.3	6352	6352	0.835	0.929	2795	2.64237	2.6	-0.012349		1.06743	0.59	-0.293429	18.8434
1999	9	3437.81	1.11124	5627	0.2	0.911236	1891.17	8730	8730	0.687	0.968	1489	1.52711	1.47	-0.0308978		0.589867	0.34	-0.309047	12.6989
1999	10	1666.88	1.08394	8197	0.2	0.883938	899.515	9946	9946	0.988	0.988	748	0.697543	0.82	0.134955		0.295141	0.36	0.13602	10.2207
1999	11	342.449	1.07272	8013	0.2	0.872716	183.298	11088	11088	1	1	140	-1	-1	-1		 -1	-1	-1	2.38201
1999	12	132.677	1.02326	11669	0.2	0.823259	68.3782	12535	12535	1	1	46	-1	-1	-1		 -1	-1	-1	1.06822
1999	13	32.7571	0.97831	25319	0.2	0.77831	16.2631	14995	14995	1	1	10	-1	-1	-1		 -1	-1	-1	0.322332
1999	14	25.1557	0.97831	27466	0.2	0.77831	12.4892	15151	15151	1	1	5	-1	-1	-1		 -1	-1	-1	0.250109
2000	1	237509	0.2	16	0.2	-1	-1	-1	-1	-1	-1	-1	7.30152	18.89	0.893911		6.18289	4.6	-0.260467	-1
2000	2	197367	0.2	124	0.2	-1	-1	-1	-1	-1	-1	-1	23.6006	27.71	0.13527		14.3834	13.17	-0.0654476	-1
2000	3	171826	0.258387	486	0.2	0.0583874	8841.15	1308	600	0.001	0.04	10493	41.4835	55.16	0.265204		20.8099	15.25	-0.259083	0.0975823
2000	4	55482.5	0.381433	1195	0.2	0.181433	8369.01	1782	1355	0.065	0.177	6581	8.90027	7	-0.16504		4.27415	3.71	-0.0744405	4.49895
2000	5	88142.3	0.592949	1817	0.2	0.392949	26128.1	2330	1915	0.248	0.44	29080	33.6018	30.79	-0.0809559		14.6014	11.15	-0.224612	36.1216
2000	6	27298.5	0.830133	2771	0.2	0.630133	11687.2	3252	2881	0.512	0.636	11227	11.1476	8.69	-0.189188		5.01719	3.49	-0.208145	31.7858
2000	7	23141.4	0.954194	4067	0.2	0.754194	11246.7	4690	4319	0.611	0.801	11390	10.8278	8.82	-0.18189		4.35004	2.61	-0.372509	43.549
2000	8	9453.63	1.09207	5350	0.2	0.892067	5131.3	5894	5894	0.867	0.92	5714	4.55088	4.57	0.00356098		1.81621	1.11	-0.313217	31.1179
2000	9	1871.75	1.15441	8507	0.2	0.954413	1059.65	7809	7809	0.998	0.98	1104	0.824304	0.56	-0.254986		0.310256	0.34	0.0440645	8.80126
2000	10	1131.56	1.14172	8405	0.2	0.941721	635.354	9203	9203	0.98	0.98	567	0.468086	0.34	-0.232221		0.191305	0.28	0.231008	6.19488
2000	11	563.84	1.14551	8680	0.2	0.945506	317.371	10240	10240	1	1	314	-1	-1	-1		 -1	-1	-1	3.49842
2000	12	117.144	1.09282	14110	0.2	0.892818	63.6182	11172	11172	1	1	74	-1	-1	-1		 -1	-1	-1	0.813173
2000	13	47.6869	1.06561	8758	0.2	0.865613	25.3913	13172	13172	1	1	22	-1	-1	-1		 -1	-1	-1	0.395382
2000	14	12.3149	1.06561	23250	0.2	0.865613	6.55717	17442	17442	1	1	6	-1	-1	-1		 -1	-1	-1	0.135205
2001	1	266163	0.2	17	0.2	-1	-1	-1	-1	-1	-1	-1	9.8224	12.29	0.210313		8.11867	7.11	-0.121174	-1
2001	2	194456	0.2	152	0.2	-1	-1	-1	-1	-1	-1	-1	22.8695	23.54	0.023969		13.9627	11.51	-0.140331	-1
2001	3	161591	0.266243	531	0.2	0.0662434	9397.81	1499	661	0.004	0.13	11338	36.687	36.56	-0.00316138		18.5162	19.53	0.0449208	0.404127
2001	4	132701	0.387647	1186	0.2	0.187647	20642.1	2050	1550	0.043	0.413	25040	42.5915	38.39	-0.0953849		21.4571	21.13	-0.0131471	8.13374
2001	5	37888.1	0.580716	1852	0.2	0.380716	10941.8	2649	2071	0.261	0.614	9311	9.38364	5.08	-0.447037		4.70793	3.3	-0.215488	17.7257
2001	6	48715.8	0.779332	2641	0.2	0.579332	19602.1	3413	2694	0.589	0.792	19471	20.0967	15.85	-0.202108		9.32484	6.73	-0.234047	61.9433
2001	7	11901.9	0.898384	3760	0.2	0.698384	5484.5	4766	4131	0.75	0.921	5620	5.63137	3.55	-0.360517		2.33943	1.6	-0.231037	26.8631
2001	8	8912.27	1.05687	5453	0.2	0.856865	4714.47	6508	6508	0.742	0.898	3929	4.32058	2.16	-0.546657		1.76111	0.76	-0.493262	28.1516
2001	9	3171.9	1.17357	6444	0.2	0.973567	1817.57	7520	7520	0.862	0.967	2017	1.39154	0.89	-0.339657		0.51777	0.17	-0.512098	12.2927
2001	10	590.056	1.19009	8179	0.2	0.990091	341.567	9055	9055	0.987	0.987	452	0.241735	0.33	0.203201		0.0959702	0.03	-0.312254	3.12808
2001	11	361.272	1.21466	9532	0.2	1.01466	212.213	8769	8769	1	1	202	-1	-1	-1		 -1	-1	-1	1.85727
2001	12	179.337	1.15482	10010	0.2	0.95482	101.553	9526	9526	1	1	118	-1	-1	-1		 -1	-1	-1	1.03054
2001	13	39.2751	1.14757	17057	0.2	0.947572	22.1366	11210	11210	1	1	13	-1	-1	-1		 -1	-1	-1	0.266508
2001	14	16.4289	1.14757	10771	0.2	0.947572	9.25985	13874	13874	1	1	9	-1	-1	-1		 -1	-1	-1	0.137974
2002	1	119317	0.2	11	0.2	-1	-1	-1	-1	-1	-1	-1	1.21603	0.91	-0.172057		1.19191	0.92	-0.153406	-1
2002	2	217916	0.2	132	0.2	-1	-1	-1	-1	-1	-1	-1	29.1074	38.63	0.247712		17.5302	13.72	-0.187364	-1
2002	3	159207	0.242925	510	0.2	0.0429248	6067.17	1294	630	0.008	0.123	5934	35.9644	41.48	0.130664		18.6377	16.11	-0.120952	0.760489
2002	4	123819	0.363733	1206	0.2	0.163733	16995.4	1926	1590	0.086	0.411	18482	37.9286	40.67	0.0639407		19.5455	23.39	0.153726	15.6376
2002	5	90057.7	0.537851	1998	0.2	0.337851	23532.9	2656	2259	0.322	0.59	24297	35.2988	37.25	0.0502611		15.9596	15.94	-0.00105816	57.3047
2002	6	21198.3	0.684384	2920	0.2	0.484384	7435.68	3680	3120	0.656	0.835	6874	8.91254	7.45	-0.12971		4.37785	5.41	0.129135	35.7582
2002	7	22346.5	0.795247	3780	0.2	0.595247	9175	4720	3984	0.759	0.85	8943	10.7936	8.98	-0.163282		4.77021	4.77	-3.4646e-05	51.2041
2002	8	4846.78	0.905167	5761	0.2	0.705167	2248.63	6369	6369	0.92	0.987	2227	2.42205	1.66	-0.268899		1.08133	1.11	0.0150471	19.8503
2002	9	3097.4	0.997972	6269	0.2	0.797972	1563.7	7808	7808	0.55	0.989	1353	1.40742	0.81	-0.415429		0.581865	0.61	0.0297452	8.64727
2002	10	980.949	1.04785	6288	0.2	0.847854	515.37	9002	9002	0.979	0.979	689	0.413473	0.34	-0.139714		0.178775	0.08	-0.357296	5.48799
2002	11	179.491	1.05251	1639	0.2	0.852511	94.6362	10422	10422	1	1	123	-1	-1	-1		 -1	-1	-1	1.18488
2002	12	107.23	1.01187	13935	0.2	0.811872	54.7584	13402	13402	1	1	40	-1	-1	-1		 -1	-1	-1	0.928078
2002	13	56.5116	0.988338	17057	0.2	0.788338	28.2989	9008	9008	1	1	41	-1	-1	-1		 -1	-1	-1	0.332461
2002	14	12.4662	0.988338	10771	0.2	0.788338	6.24258	16893	16893	1	1	2	-1	-1	-1		 -1	-1	-1	0.137535
2003	1	230976	0.2	16	0.2	-1	-1	-1	-1	-1	-1	-1	6.79008	11.18	-0.0281519		5.78397	5.16	-0.100857	-1
2003	2	97688.1	0.2	131	0.2	-1	-1	-1	-1	-1	-1	-1	5.32339	4.22	-0.115768		3.52963	2.68	-0.107997	-1
2003	3	178414	0.231234	466	0.2	0.0312341	4975.24	1265	900	0.005	0.15	3950	45.118	46.62	0.0303961		23.0531	25.66	0.093482	0.761684
2003	4	124871	0.349128	1179	0.2	0.149128	15718.5	1790	1338	0.046	0.335	16160	38.7124	36.91	-0.0435421		20.292	16.98	-0.149291	7.11708
2003	5	86063.8	0.531357	1918	0.2	0.331357	22122.3	2424	2215	0.218	0.591	21874	33.0191	29.17	-0.114512		15.1134	13.22	-0.113352	36.4122
2003	6	52593.9	0.695211	2788	0.2	0.495211	18770.4	3505	2988	0.524	0.818	18145	22.0646	17.73	-0.18896		10.768	8.99	-0.137096	67.6507
2003	7	10692.4	0.771015	4140	0.2	0.571015	4256.03	4455	4169	0.87	0.906	5063	5.18964	4.11	-0.183665		2.32714	1.89	-0.130536	29.6607
2003	8	10088.8	0.845605	4678	0.2	0.645605	4395.9	5037	5037	0.798	0.954	4419	5.10202	4.78	-0.0560083		2.36067	2.55	0.0579974	29.0919
2003	9	1960.4	0.885346	6262	0.2	0.685346	891.448	5980	5980	0.86	0.997	1124	0.911075	1.13	0.160078		0.402994	0.38	-0.0310134	6.91598
2003	10	1141.78	0.937382	9602	0.2	0.737382	546.402	7819	7819	0.998	0.998	401	0.492017	0.23	-0.524443		0.227315	0.1	-0.411618	5.96206
2003	11	344.009	0.928974	11940	0.2	0.728974	163.329	8802	8802	1	1	172	-1	-1	-1		 -1	-1	-1	2.03434
2003	12	62.6533	0.90384	16279	0.2	0.70384	29.0292	10712	10712	1	1	34	-1	-1	-1		 -1	-1	-1	0.456345
2003	13	38.9821	0.869986	15985	0.2	0.669986	17.4432	12152	12152	1	1	20	-1	-1	-1		 -1	-1	-1	0.327344
2003	14	21.0333	0.869986	10771	0.2	0.669986	9.41173	13797	13797	1	1	15	-1	-1	-1		 -1	-1	-1	0.200532
2004	1	200936	0.2	20	0.2	-1	-1	-1	-1	-1	-1	-1	4.72413	7.01	-0.122202		4.14505	3.67	-0.102747	-1
2004	2	189107	0.2	147	0.2	-1	-1	-1	-1	-1	-1	-1	21.558	26.45	0.170425		13.206	16.28	0.157862	-1
2004	3	79980.3	0.231009	481	0.2	0.0310085	2214.45	1257	900	0	0.27	1778	9.43375	8.11	-0.107535		5.77839	6.92	0.115452	0
2004	4	141581	0.343854	1062	0.2	0.143854	17234.5	1771	1453	0.038	0.55	19184	48.6116	64.57	0.266744		25.8366	29.86	0.128152	7.24595
2004	5	88071.7	0.532012	1873	0.2	0.332012	22676.5	2323	2099	0.246	0.726	25003	34.1865	38.41	0.108812		15.5825	18.85	0.165641	39.8391
2004	6	50588.9	0.727135	2803	0.2	0.527135	18949.9	3312	3057	0.549	0.782	17384	21.0884	27.81	0.245118		10.0963	11.73	0.116633	69.0947
2004	7	26242.7	0.779019	3459	0.2	0.579019	10555.2	4269	3757	0.626	0.862	9926	12.7167	15.92	0.206556		5.67511	7.38	0.220234	47.0598
2004	8	4945.71	0.851369	4989	0.2	0.651369	2168.81	5394	5394	0.843	0.914	2734	2.49823	3.03	0.14906		1.15192	1.88	0.315616	16.0928
2004	9	4331.09	0.877394	5315	0.2	0.677394	1953.24	5872	5872	0.816	0.977	2023	2.01603	3.21	0.408547		0.896013	1.65	0.473198	14.2899
2004	10	808.804	0.919106	7800	0.2	0.719106	380.395	7397	7397	0.99	0.99	481	0.349806	0.51	0.27802		0.163394	0.23	0.192709	3.99807
2004	11	447.182	0.909477	7516	0.2	0.709477	208.352	10808	10808	1	1	126	-1	-1	-1		 -1	-1	-1	3.27748
2004	12	135.869	0.887839	15833	0.2	0.687839	61.9423	11569	11569	1	1	62	-1	-1	-1		 -1	-1	-1	1.07699
2004	13	25.3753	0.856389	15985	0.2	0.656389	11.1893	13767	13767	1	1	14	-1	-1	-1		 -1	-1	-1	0.242973
2004	14	16.3318	0.856389	23917	0.2	0.656389	7.20154	12955	12955	1	1	5	-1	-1	-1		 -1	-1	-1	0.147157
2005	1	141738	0.2	11	0.2	-1	-1	-1	-1	-1	-1	-1	1.904	2.69	-0.147066		1.79919	2.15	0.130373	-1
2005	2	164512	0.2	118	0.2	-1	-1	-1	-1	-1	-1	-1	16.0503	17.8	0.0806925		9.99765	9.03	-0.0677704	-1
2005	3	154828	0.230417	451	0.2	0.0304171	4206.22	1194	900	0.006	0.432	5102	34.2266	41.72	0.180954		18.0715	20.37	0.101026	0.793241
2005	4	63483	0.326537	1029	0.2	0.126537	6853.26	1712	1119	0.109	0.622	5125	11.5652	9.97	-0.11122		5.95941	6.82	0.0862878	7.19958
2005	5	100386	0.492327	1760	0.2	0.292327	23174.6	2374	1897	0.282	0.82	26749	42.1886	46.43	0.0905647		19.4278	25.62	0.248173	47.5104
2005	6	51735.2	0.678798	2644	0.2	0.478798	17982.3	3435	2963	0.495	0.928	16980	21.7757	25.01	0.122187		10.7322	10.88	0.0106239	62.641
2005	7	24449.2	0.746996	3647	0.2	0.546996	9420.88	4392	3874	0.791	0.945	8339	11.9237	12.12	0.0147957		5.42445	3.86	-0.267318	57.8281
2005	8	12041.6	0.825346	4362	0.2	0.625346	5126.74	5201	5201	0.814	1	4682	6.11432	6.47	0.0500914		2.86365	1.91	-0.300555	36.8977
2005	9	2110.98	0.853517	7250	0.2	0.653517	927.909	6200	6200	0.951	0.989	1292	0.987321	1.01	0.0168167		0.445141	0.29	-0.217051	8.66882
2005	10	1801.15	0.89287	6675	0.2	0.69287	825.37	5495	5495	0.99	1	913	0.78309	1.03	0.234768		0.371585	0.31	-0.125645	6.69736
2005	11	322.612	0.891588	7295	0.2	0.691588	147.643	7211	7211	1	1	203	-1	-1	-1		 -1	-1	-1	1.59109
2005	12	180.096	0.872065	9429	0.2	0.672065	80.765	9909	9909	1	1	89	-1	-1	-1		 -1	-1	-1	1.23195
2005	13	55.9162	0.842533	13947	0.2	0.642533	24.28	12944	12944	1	1	25	-1	-1	-1		 -1	-1	-1	0.50674
2005	14	10.7767	0.842533	23917	0.2	0.642533	4.67948	18151	18151	1	1	2	-1	-1	-1		 -1	-1	-1	0.136951
2006	1	201491	0.2	13	0.2	-1	-1	-1	-1	-1	-1	-1	4.75818	9.1	0.110518		4.17248	4.51	0.0667119	-1
2006	2	116045	0.2	105	0.2	-1	-1	-1	-1	-1	-1	-1	7.66552	7.43	-0.0191213		4.97875	4.52	-0.0482007	-1
2006	3	134691	0.228896	417	0.2	0.0288959	3478.71	1070	900	0.002	0.317	3258	26.0968	25.07	-0.0352493		14.2406	16.28	0.108524	0.230054
2006	4	122965	0.319235	982	0.2	0.119235	12551.8	1614	1383	0.023	0.553	12884	38.0634	40.55	0.0579842		20.6167	23.04	0.095409	3.64162
2006	5	45797.7	0.463663	1689	0.2	0.263663	9662.59	2185	1998	0.294	0.754	8438	12.9581	11.72	-0.0831747		6.91302	7.67	0.0769157	23.9703
2006	6	61356	0.659233	2600	0.2	0.459233	20633.6	3052	2905	0.448	0.853	22041	25.9264	31.56	0.177323		12.9287	13.93	0.0605578	66.3028
2006	7	26241.5	0.73421	4050	0.2	0.53421	9930.69	4347	4385	0.751	0.942	10418	12.8306	11.62	-0.0899295		5.88196	6.12	0.0328543	67.0282
2006	8	11583.7	0.826489	4751	0.2	0.626489	4938.37	5177	5177	0.869	0.973	4523	5.88047	4.1	-0.309411		2.75224	2.05	-0.219569	37.6992
2006	9	5275.23	0.867386	5625	0.2	0.667386	2353.95	5382	5382	0.743	0.976	2194	2.46043	1.62	-0.355304		1.10011	1.02	-0.0568287	14.595
2006	10	899.096	0.899381	8386	0.2	0.699381	414.726	5769	5769	1	1	497	0.390394	0.28	-0.228513		0.184524	0.16	-0.076136	3.53435
2006	11	737.532	0.905729	9174	0.2	0.705729	342.363	6258	6258	1	0.995	336	-1	-1	-1		 -1	-1	-1	3.13548
2006	12	132.272	0.881718	16272	0.2	0.681718	59.9224	5688	5688	1	1	67	-1	-1	-1		 -1	-1	-1	0.517
2006	13	75.2957	0.856877	13947	0.2	0.656877	33.2194	7301	7301	1	1	27	-1	-1	-1		 -1	-1	-1	0.382261
2006	14	24.0785	0.856877	23917	0.2	0.656877	10.6231	15412	15412	1	1	2	-1	-1	-1		 -1	-1	-1	0.258046
2007	1	182744	0.2	14	0.2	-1	-1	-1	-1	-1	-1	-1	3.68984	5.67	-0.0883192		3.30348	3.73	0.100756	-1
2007	2	164967	0.2	101	0.2	-1	-1	-1	-1	-1	-1	-1	16.1443	19.01	0.12841		10.0529	9.82	-0.0158364	-1
2007	3	95009.8	0.226864	410	0.2	0.0268641	2283.54	1083	900	0.012	0.47	2074	13.2211	9.07	-0.284375		7.82155	4.93	-0.293404	0.973836
2007	4	107135	0.308242	969	0.2	0.108242	9979.55	1556	1264	0.032	0.625	11961	29.8279	22.87	-0.233457		16.2165	11.73	-0.256849	4.04252
2007	5	89358.9	0.429026	1663	0.2	0.229026	16641.3	2144	2022	0.159	0.763	15948	36.0543	30.04	-0.169333		17.7711	15.68	-0.108563	25.8187
2007	6	28805.6	0.582348	2342	0.2	0.382348	8348.35	2754	2580	0.5	0.87	8280	12.3606	10.1	-0.15797		6.45488	6.34	-0.0120834	31.5647
2007	7	31736.3	0.687555	3635	0.2	0.487555	11189.2	3920	4078	0.693	0.926	9593	15.6627	11.39	-0.291297		7.38413	5.91	-0.187332	70.8167
2007	8	12592.9	0.795319	5018	0.2	0.595319	5170.83	5255	5255	0.795	0.992	5428	6.43274	6.11	-0.0455844		3.06756	3.14	0.0185093	38.5804
2007	9	5068.84	0.859209	6123	0.2	0.659209	2241.99	6272	6272	0.862	0.988	2205	2.36804	2.45	0.0297095		1.06401	0.76	-0.242067	19.0347
2007	10	2215.85	0.901142	7751	0.2	0.701142	1023.91	6481	6481	0.96	0.931	1229	0.961799	0.87	-0.0861765		0.454124	0.5	0.0731922	9.38624
2007	11	365.772	0.927701	9563	0.2	0.727701	173.452	7142	7142	1	0.974	366	-1	-1	-1		 -1	-1	-1	1.75617
2007	12	298.145	0.902029	7972	0.2	0.702029	137.891	6530	6530	1	1	198	-1	-1	-1		 -1	-1	-1	1.32494
2007	13	54.7702	0.886074	3382	0.2	0.686074	24.9243	9724	9724	1	1	53	-1	-1	-1		 -1	-1	-1	0.365215
2007	14	31.9619	0.886074	22969	0.2	0.686074	14.5449	10143	10143	1	1	10	-1	-1	-1		 -1	-1	-1	0.22231
2008	1	192484	0.2	11	0.2	-1	-1	-1	-1	-1	-1	-1	4.22407	6.75	-0.0542419		3.74027	5.3	0.299877	-1
2008	2	149618	0.2	121	0.2	-1	-1	-1	-1	-1	-1	-1	13.1284	12.41	-0.040968		8.27117	11.88	0.244299	-1
2008	3	135063	0.221287	376	0.2	0.0212873	2579.24	1162	1017	0.001	0.15	2616	26.3156	23.03	-0.116549		14.4596	15.19	0.0397563	0.130424
2008	4	75725.6	0.287744	937	0.2	0.0877435	5773.94	1627	1841	0.041	0.453	4850	16.1029	9.86	-0.381278		8.76595	7.66	-0.0937698	5.35188
2008	5	78716	0.377603	1805	0.2	0.177603	11643.8	2318	2227	0.275	0.727	12585	30.2186	22.38	-0.273351		15.8215	17.57	0.090888	43.8806
2008	6	58185.4	0.49192	2612	0.2	0.29192	13416.2	3120	2924	0.55	0.856	11973	25.4233	22.95	-0.0906716		14.0166	18.51	0.232985	81.6419
2008	7	16090.4	0.600367	3592	0.2	0.400367	4843.51	3846	3920	0.73	0.91	5238	8.08071	9.44	0.136066		4.01423	5.67	0.273708	37.5872
2008	8	15957.1	0.674939	4933	0.2	0.474939	5511.17	5367	5367	0.826	0.981	4582	8.34991	8.02	-0.0366815		4.28003	5.61	0.232134	54.6782
2008	9	5684.89	0.679156	6395	0.2	0.479156	1977.14	6771	6771	0.846	0.99	2040	2.75322	3.05	0.0913346		1.37821	1.5	0.0681009	24.6473
2008	10	2146.64	0.701796	8409	0.2	0.501796	774.05	7648	7648	0.954	0.979	831	0.969656	0.78	-0.185592		0.516004	0.79	0.344584	11.7271
2008	11	899.869	0.680811	8147	0.2	0.480811	313.814	8282	8282	1	1	308	-1	-1	-1		 -1	-1	-1	5.63632
2008	12	144.649	0.66472	14531	0.2	0.46472	49.1055	11181	11181	1	1	53	-1	-1	-1		 -1	-1	-1	1.23257
2008	13	120.971	0.617762	10083	0.2	0.417762	37.7007	14266	14266	1	1	37	-1	-1	-1		 -1	-1	-1	1.34501
2008	14	22.5802	0.617762	22969	0.2	0.417762	7.03711	17320	17320	1	1	4	-1	-1	-1		 -1	-1	-1	0.304802
2009	1	252551	0.2	12	0.2	-1	-1	-1	-1	-1	-1	-1	8.56752	21.97	0.396997		7.16089	7.04	-0.015458	-1
2009	2	157593	0.2	113	0.2	-1	-1	-1	-1	-1	-1	-1	14.6544	12.63	-0.11006		9.17527	8.3	-0.0648212	-1
2009	3	122497	0.229291	413	0.2	0.0292907	3206.38	1109	644	0.002	0.15	3660	21.6832	16.58	-0.225951		12.0837	13.14	0.0653837	0.149708
2009	4	108251	0.292672	845	0.2	0.0926715	8697.13	1680	1467	0.015	0.453	8150	30.5597	22.8	-0.257768		16.92	18.11	0.0563983	2.22841
2009	5	56790.7	0.382502	1602	0.2	0.182502	8612.5	2204	2040	0.132	0.727	9480	18.399	15.68	-0.138986		10.1073	12.39	0.165745	13.9031
2009	6	63829.9	0.500659	2633	0.2	0.300659	15097.6	3206	2884	0.455	0.856	17330	27.8409	26.01	-0.0609765		15.2692	16.46	0.0627779	72.8896
2009	7	35577.6	0.600391	3659	0.2	0.400391	10710	4098	3920	0.688	0.91	10060	17.8672	16.69	-0.0635741		8.87572	10.22	0.124714	78.3269
2009	8	8827.35	0.672302	4684	0.2	0.472302	3035.36	4884	4896	0.883	0.981	3910	4.62154	4.85	0.0412007		2.37268	3.15	0.21852	29.5312
2009	9	8125.16	0.662114	5770	0.2	0.462114	2746.05	6744	6971	0.741	0.99	2290	3.94849	3.14	-0.208363		1.99685	2.75	0.278328	32.0258
2009	10	2882.49	0.662779	6290	0.2	0.462779	975.308	8505	8269	0.631	0.979	770	1.31225	1.15	-0.117611		0.714856	0.84	0.135142	11.4727
2009	11	1064.08	0.624907	8969	0.2	0.424907	336.212	10126	9568	1	1	310	-1	-1	-1		 -1	-1	-1	7.9078
2009	12	455.52	0.604825	8801	0.2	0.404825	138.369	12108	9418	1	1	90	-1	-1	-1		 -1	-1	-1	3.36425
2009	13	74.4099	0.554069	12146	0.2	0.354069	20.2276	12471	11859	1	1	20	-1	-1	-1		 -1	-1	-1	0.70895
2009	14	65.2215	0.554069	19278	0.2	0.354069	17.7299	15264	19278	1	1	10	-1	-1	-1		 -1	-1	-1	1.01016
2010	1	260970	0.2	13	0.2	-1	-1	-1	-1	-1	-1	-1	9.3312	18.69	0.159346		7.74503	10.78	0.306403	-1
2010	2	206771	0.2	98	0.2	-1	-1	-1	-1	-1	-1	-1	26.0452	21.54	-0.15806		15.785	18.82	0.137721	-1
2010	3	129026	0.2264	391	0.2	0.0263996	3048.18	1131	1017	0	0.15	3174	24.0219	18.92	-0.204617		13.2689	16.18	0.159638	0
2010	4	97396.8	0.284985	1008	0.2	0.0849852	7202.33	1769	1587	0.016	0.453	7219	25.3423	18.12	-0.287186		14.0598	15.52	0.0794895	2.31677
2010	5	80784.4	0.35837	1697	0.2	0.15837	10752.3	2334	2154	0.057	0.727	9385	31.6136	24.64	-0.228274		16.7336	17.96	0.0616408	9.07144
2010	6	38739.9	0.454117	2570	0.2	0.254117	7912.38	3161	3151	0.38	0.856	8692	17.0553	14.13	-0.156733		9.61882	9.81	0.014908	40.9269
2010	7	38689.3	0.556809	4021	0.2	0.356809	10585.5	4422	4209	0.82	0.91	10695	19.6	18.35	-0.0618411		9.99446	11.21	0.102691	110.834
2010	8	19517.8	0.616428	4912	0.2	0.416428	6066.92	5498	5232	0.869	0.981	5588	10.3333	9.91	-0.0387283		5.48594	6.81	0.190871	70.3672
2010	9	4506.64	0.586803	6102	0.2	0.386803	1318.66	6552	6506	0.928	0.99	1599	2.22328	3.26	0.338527		1.17634	2.29	0.547907	21.5214
2010	10	4190.63	0.589161	7755	0.2	0.389161	1232.36	7945	8961	0.818	0.979	1095	1.93607	1.97	0.0161332		1.10232	1.2	0.0751079	24.2693
2010	11	1485.69	0.546164	7673	0.2	0.346164	396.274	8913	11032	1	1	337	-1	-1	-1		 -1	-1	-1	13.2177
2010	12	569.612	0.532674	11689	0.2	0.332674	146.91	10090	13109	1	1	197	-1	-1	-1		 -1	-1	-1	6.06063
2010	13	248.791	0.48066	13588	0.2	0.28066	55.4388	10417	14022	1	1	71	-1	-1	-1		 -1	-1	-1	2.90261
2010	14	42.7564	0.48066	16044	0.2	0.28066	9.52754	13489	16044	1	1	16	-1	-1	-1		 -1	-1	-1	0.570766
2011	1	177477	0.2	12	0.2	-1	-1	-1	-1	-1	-1	-1	3.41931	3.58	-0.416422		3.08036	-1	0	-1
2011	2	213664	0.2	102	0.2	-1	-1	-1	-1	-1	-1	-1	27.918	23	-0.163052		16.8536	-1	0	-1
2011	3	169290	0.227943	395	0.2	0.0279435	4230.13	1163	794	0.002	0.15	4780	40.7788	27.58	-0.353463		21.1532	-1	0	0.255115
2011	4	102885	0.283195	1126	0.2	0.0831954	7454.32	1795	2466	0.012	0.453	7257	27.9854	20.14	-0.285637		15.6113	-1	0	2.85305
2011	5	73244.8	0.350191	2114	0.2	0.150191	9280.99	2615	2665	0.135	0.727	9284	27.3198	23.06	-0.153836		14.782	-1	0	24.15
2011	6	56453.4	0.426719	2986	0.2	0.226719	10418.5	3471	3215	0.427	0.856	10735	24.9903	26.56	0.0543564		14.3276	-1	0	68.9349
2011	7	24600.2	0.518173	4225	0.2	0.318173	6108.43	4469	4548	0.732	0.91	6032	12.5592	14.66	0.141664		6.55437	-1	0	68.9874
2011	8	22170.3	0.566338	5876	0.2	0.366338	6201.01	5850	5995	0.923	0.981	6152	11.8558	13.33	0.110101		6.48628	-1	0	99.4309
2011	9	10537	0.515152	6645	0.2	0.315152	2595.17	6742	6866	0.941	0.99	2361	5.27331	5.02	-0.0460919		2.91268	-1	0	55.72
2011	10	2506.15	0.509378	7906	0.2	0.309378	607.536	7850	8222	0.961	0.979	666	1.17647	1.04	-0.108566		0.702676	-1	0	16.2519
2011	11	2324.93	0.457205	6821	0.2	0.257205	479.938	8810	9279	1	1	459	-1	-1	-1		 -1	-1	-1	18.1516
2011	12	860.46	0.438678	9945	0.2	0.238678	166.25	9797	11447	1	1	151	-1	-1	-1		 -1	-1	-1	8.36111
2011	13	334.381	0.385906	10263	0.2	0.185906	51.5736	13534	10291	1	1	41	-1	-1	-1		 -1	-1	-1	2.99552
2011	14	153.846	0.385906	19381	0.2	0.185906	23.7287	13033	18822	1	1	10	-1	-1	-1		 -1	-1	-1	2.52073
2012	1	273335	0.2	12	0.2	-1	-1	-1	-1	-1	-1	-1	10.5265	20.37	0.126776		8.65164	7.3	-0.15575	-1
2012	2	145306	0.2	142	0.2	-1	-1	-1	-1	-1	-1	-1	12.3402	11.02	-0.0802959		7.80183	10.33	0.183236	-1
2012	3	174934	0.225996	477	0.2	0.025996	4070.33	1256	1017	0.004	0.15	3839	43.5057	39.31	-0.093392		22.4445	23.3	0.0323824	0.675429
2012	4	134783	0.283991	1143	0.2	0.083991	9855.08	1667	1700	0.029	0.453	10010	45.4641	56.94	0.210215		25.7735	20.44	-0.200449	6.22591
2012	5	77510.9	0.354233	1929	0.2	0.154233	10066.7	2448	2604	0.127	0.727	10400	29.7302	42.02	0.322564		15.8918	12.28	-0.217903	23.4683
2012	6	51604.9	0.431615	3180	0.2	0.231615	9707.33	3728	3713	0.414	0.856	9435	22.8217	31.24	0.281137		13.0458	10.34	-0.183302	70.4575
2012	7	36844.1	0.520423	4249	0.2	0.320423	9203.93	4713	4513	0.728	0.91	8866	18.8016	28.36	0.389883		9.79894	9.89	0.008211	101.881
2012	8	14652.1	0.57244	5718	0.2	0.37244	4154.93	5894	6020	0.89	0.981	4834	7.8258	10.79	0.295088		4.26583	5.47	0.212881	63.458
2012	9	12583.9	0.52152	7826	0.2	0.32152	3152.72	7616	8061	0.963	0.99	3206	6.28963	7.06	0.109775		3.46079	3.21	-0.0680747	79.7092
2012	10	6294.93	0.505475	7610	0.2	0.305475	1509.45	8358	8850	0.85	0.979	1269	2.95735	3.22	0.081144		1.77049	1.65	-0.0647954	38.9365
2012	11	1505.87	0.453933	10782	0.2	0.253933	307.369	9543	10786	1	1	369	-1	-1	-1		 -1	-1	-1	13.6877
2012	12	1471.8	0.43099	10092	0.2	0.23099	276.191	10916	11773	1	1	218	-1	-1	-1		 -1	-1	-1	14.7628
2012	13	554.901	0.380715	9127	0.2	0.180715	83.3984	10884	15557	1	1	101	-1	-1	-1		 -1	-1	-1	7.53339
2012	14	227.324	0.380715	11324	0.2	0.180715	34.1654	11758	11739	1	1	30	-1	-1	-1		 -1	-1	-1	2.32876
2013	1	225983	0.2	13	0.2	-1	-1	-1	-1	-1	-1	-1	6.41451	10.93	0.00407745		5.48948	-1	-1	-1
2013	2	223788	0.2	113	0.2	-1	-1	-1	-1	-1	-1	-1	30.7931	33.68	0.0780495		18.4864	-1	-1	-1
2013	3	118966	0.221517	495	0.2	0.0215169	2296.1	1240.56	944.43	0.003	0.15	-1	20.5431	18.18	-0.103234		11.6131	-1	-1	0.320041
2013	4	139548	0.269545	1054	0.2	0.0695451	8506.95	1735.79	2324.06	0.008	0.453	-1	48.6464	44.44	-0.0839531		28.0924	-1	-1	2.43731
2013	5	101461	0.330535	1785	0.2	0.130535	11277.9	2383.08	2990.36	0.062	0.727	-1	45.0301	47.22	0.0449939		23.4933	-1	-1	17.3238
2013	6	54390.3	0.404265	3022	0.2	0.204265	9138.67	3478.58	3834.75	0.344	0.856	-1	24.1854	25.96	0.062988		14.0542	-1	-1	64.2456
2013	7	33515.3	0.482207	4772	0.2	0.282207	7504.12	5028.29	5211.37	0.739	0.91	-1	17.2341	17.22	-0.000764808		9.19035	-1	-1	110.232
2013	8	21895.3	0.529245	6381	0.2	0.329245	5597.62	6453.94	6538.98	0.922	0.981	-1	11.796	14.53	0.196293		6.59878	-1	-1	108.74
2013	9	8265.92	0.501155	8054	0.2	0.301155	1957.91	7935.61	8279.77	0.958	0.99	-1	4.14831	7.28	0.528386		2.31061	-1	-1	54.0223
2013	10	7470	0.498872	9539	0.2	0.298872	1757.81	8361.81	9498.32	1	0.979	-1	3.51403	3.48	-0.00932978		2.11212	-1	-1	58.5246
2013	11	3797.22	0.462747	10588	0.2	0.262747	798.707	9547.34	10684.9	1	1	-1	-1	-1	-1		 -1	-1	-1	34.0479
2013	12	956.416	0.447496	12044	0.2	0.247496	190.836	10921	12848.8	1	1	-1	-1	-1	-1		 -1	-1	-1	10.3878
2013	13	956.471	0.406138	15115	0.2	0.206138	162.039	10889	15181.9	1	1	-1	-1	-1	-1		 -1	-1	-1	12.5193
2013	14	379.204	0.406138	19247	0.2	0.206138	64.2423	11763.4	19148.7	1	1	-1	-1	-1	-1		 -1	-1	-1	6.2603
2014	1	221626	0.2	13.0041	0.2	-1	-1	-1	-1	-1	-1	-1	6.09743	-1	-1		5.23976	-1	-1	-1
2014	2	185019	0.2	113.036	0.2	-1	-1	-1	-1	-1	-1	-1	20.5832	-1	-1		12.6419	-1	-1	-1
2014	3	183222	0.222522	495.158	0.2	0.0225215	3699.57	1240.4	944.301	0.003	0.15	-1	47.6816	-1	-1		24.427	-1	-1	0.492791
2014	4	95327.9	0.272792	1054.34	0.2	0.0727921	6073.15	1735.55	2323.74	0.008	0.453	-1	24.4899	-1	-1		13.7566	-1	-1	1.66377
2014	5	106577	0.336629	1785.57	0.2	0.136629	12363.9	2382.76	2989.95	0.062	0.727	-1	48.4248	-1	-1		24.9485	-1	-1	18.1672
2014	6	72904	0.413801	3022.96	0.2	0.213801	12764.4	3478.11	3834.22	0.344	0.856	-1	32.356	-1	-1		18.6948	-1	-1	85.8594
2014	7	36303.8	0.495382	4773.52	0.2	0.295382	8456.62	5027.6	5210.66	0.739	0.91	-1	18.6189	-1	-1		9.8506	-1	-1	118.787
2014	8	20693	0.544617	6383.03	0.2	0.344617	5498.6	6453.06	6538.08	0.922	0.981	-1	11.114	-1	-1		6.1602	-1	-1	102.067
2014	9	12897.4	0.515216	8056.57	0.2	0.315216	3177.06	7934.53	8278.64	0.958	0.99	-1	6.45449	-1	-1		3.56496	-1	-1	83.7169
2014	10	5007.74	0.512826	9542.04	0.2	0.312826	1225.56	8360.66	9497.03	1	0.979	-1	2.34917	-1	-1		1.4002	-1	-1	38.9682
2014	11	4535.89	0.475014	10591.4	0.2	0.275014	992.991	9546.04	10683.4	1	1	-1	-1	-1	-1		 -1	-1	-1	40.4284
2014	12	2390.55	0.459051	12047.8	0.2	0.259051	496.601	10919.5	12847.1	1	1	-1	-1	-1	-1		 -1	-1	-1	25.818
2014	13	611.367	0.415763	15119.8	0.2	0.215763	107.924	10887.5	15179.8	1	1	-1	-1	-1	-1		 -1	-1	-1	7.96448
2014	14	637.218	0.415763	19253.1	0.2	0.215763	112.488	11761.7	19146.1	1	1	-1	-1	-1	-1		 -1	-1	-1	10.4702
2015	1	215365	0.2	13.0014	0.2	-1	-1	-1	-1	-1	-1	-1	5.65904	-1	-1		4.89273	-1	-1	-1
2015	2	181452	0.2	113.013	0.2	-1	-1	-1	-1	-1	-1	-1	19.7519	-1	-1		12.1597	-1	-1	-1
2015	3	151481	0.222365	495.055	0.2	0.0223647	3037.59	1240.14	944.105	0.003	0.15	-1	32.9015	-1	-1		17.5974	-1	-1	0.407342
2015	4	146669	0.272285	1054.12	0.2	0.0722851	9281.13	1735.19	2323.26	0.008	0.453	-1	53.1472	-1	-1		30.6928	-1	-1	2.55953
2015	5	72568.5	0.335678	1785.2	0.2	0.135678	8363.77	2382.27	2989.33	0.062	0.727	-1	27.0572	-1	-1		14.8288	-1	-1	12.3705
2015	6	76114.3	0.412312	3022.34	0.2	0.212312	13242.8	3477.39	3833.43	0.344	0.856	-1	33.7908	-1	-1		19.5413	-1	-1	89.6611
2015	7	48199.2	0.493325	4772.53	0.2	0.293325	11159.9	5026.56	5209.58	0.739	0.91	-1	24.7298	-1	-1		13.0998	-1	-1	157.801
2015	8	22121.3	0.542217	6381.71	0.2	0.342217	5843.56	6451.72	6536.73	0.922	0.981	-1	11.8868	-1	-1		6.59804	-1	-1	109.204
2015	9	12003.3	0.51302	8054.9	0.2	0.31302	2939.16	7932.88	8276.92	0.958	0.99	-1	6.00964	-1	-1		3.32363	-1	-1	77.9784
2015	10	7704.56	0.510647	9540.06	0.2	0.310647	1874.3	8358.93	9495.06	1	0.979	-1	3.61584	-1	-1		2.15801	-1	-1	60.0036
2015	11	2998.64	0.473099	10589.2	0.2	0.273099	652.461	9544.06	10681.2	1	1	-1	-1	-1	-1		 -1	-1	-1	26.7458
2015	12	2820.77	0.457247	12045.3	0.2	0.257247	582.377	10917.2	12844.4	1	1	-1	-1	-1	-1		 -1	-1	-1	30.4843
2015	13	1510.55	0.41426	15116.7	0.2	0.21426	264.985	10885.2	15176.7	1	1	-1	-1	-1	-1		 -1	-1	-1	19.6884
2015	14	403.402	0.41426	19249.1	0.2	0.21426	70.7661	11759.3	19142.1	1	1	-1	-1	-1	-1		 -1	-1	-1	6.63175
2016	1	206408	0.2	13.0005	0.2	-1	-1	-1	-1	-1	-1	-1	5.06647	-1	-1		4.42012	-1	-1	-1
2016	2	176326	0.2	113.004	0.2	-1	-1	-1	-1	-1	-1	-1	18.589	-1	-1		11.4832	-1	-1	-1
2016	3	148560	0.222756	495.019	0.2	0.0227561	3030.59	1240.05	944.037	0.003	0.15	-1	31.6705	-1	-1		17.0071	-1	-1	0.399446
2016	4	121279	0.27355	1054.04	0.2	0.0735503	7804.11	1735.07	2323.09	0.008	0.453	-1	37.7456	-1	-1		21.5081	-1	-1	2.11582
2016	5	111708	0.338052	1785.07	0.2	0.138052	13085.4	2382.09	2989.12	0.062	0.727	-1	51.9787	-1	-1		26.5505	-1	-1	19.0299
2016	6	51875.8	0.416028	3022.12	0.2	0.216028	9167.77	3477.14	3833.15	0.344	0.856	-1	23.0131	-1	-1		13.2789	-1	-1	61.0371
2016	7	50396.6	0.498459	4772.19	0.2	0.298459	11845	5026.2	5209.2	0.739	0.91	-1	25.8307	-1	-1		13.6409	-1	-1	164.66
2016	8	29430.1	0.548207	6381.25	0.2	0.348207	7888.82	6451.25	6536.26	0.922	0.981	-1	15.7953	-1	-1		8.73606	-1	-1	144.894
2016	9	12862.6	0.518499	8054.31	0.2	0.318499	3196.68	7932.31	8276.32	0.958	0.99	-1	6.43283	-1	-1		3.546	-1	-1	83.3368
2016	10	7186.17	0.516085	9539.37	0.2	0.316085	1774.37	8358.33	9494.37	1	0.979	-1	3.36889	-1	-1		2.00408	-1	-1	55.8174
2016	11	4623.56	0.477879	10588.4	0.2	0.277879	1021.38	9543.37	10680.4	1	1	-1	-1	-1	-1		 -1	-1	-1	41.142
2016	12	1868.36	0.461749	12044.5	0.2	0.261749	391.679	10916.4	12843.5	1	1	-1	-1	-1	-1		 -1	-1	-1	20.1468
2016	13	1785.61	0.41801	15115.6	0.2	0.21801	318.164	10884.4	15175.6	1	1	-1	-1	-1	-1		 -1	-1	-1	23.2303
2016	14	998.214	0.41801	19247.8	0.2	0.21801	177.864	11758.5	19140.7	1	1	-1	-1	-1	-1		 -1	-1	-1	16.3797
2017	1	199652	0.2	13.0002	0.2	-1	-1	-1	-1	-1	-1	-1	4.64594	-1	-1		4.082	-1	-1	-1
2017	2	168992	0.2	113.002	0.2	-1	-1	-1	-1	-1	-1	-1	16.99	-1	-1		10.5489	-1	-1	-1
2017	3	144364	0.223449	495.007	0.2	0.0234493	3033.67	1240.02	944.013	0.003	0.15	-1	29.9407	-1	-1		16.1714	-1	-1	0.388129
2017	4	118894	0.275791	1054.01	0.2	0.0757906	7875.26	1735.02	2323.03	0.008	0.453	-1	36.3922	-1	-1		20.6587	-1	-1	2.07332
2017	5	92254	0.342258	1785.02	0.2	0.142258	11113.7	2382.03	2989.04	0.062	0.727	-1	38.847	-1	-1		20.3884	-1	-1	15.699
2017	6	79665.7	0.422608	3022.04	0.2	0.222608	14463.4	3477.05	3833.05	0.344	0.856	-1	35.2947	-1	-1		20.2853	-1	-1	93.5498
2017	7	34220.5	0.50755	4772.07	0.2	0.30755	8253.55	5026.07	5209.07	0.739	0.91	-1	17.5078	-1	-1		9.19538	-1	-1	111.418
2017	8	30614.2	0.558813	6381.09	0.2	0.358813	8415.55	6451.09	6536.09	0.922	0.981	-1	16.396	-1	-1		9.01078	-1	-1	150.024
2017	9	17010.2	0.5282	8054.11	0.2	0.3282	4336.98	7932.11	8276.11	0.958	0.99	-1	8.49062	-1	-1		4.65316	-1	-1	109.697
2017	10	7658.56	0.525713	9539.13	0.2	0.325713	1940.06	8358.11	9494.13	1	0.979	-1	3.58344	-1	-1		2.11943	-1	-1	59.2125
2017	11	4289.09	0.486343	10588.1	0.2	0.286343	972.556	9543.13	10680.1	1	1	-1	-1	-1	-1		 -1	-1	-1	38.011
2017	12	2867.06	0.469722	12044.2	0.2	0.269722	617.077	10916.1	12843.2	1	1	-1	-1	-1	-1		 -1	-1	-1	30.7977
2017	13	1177.4	0.424651	15115.2	0.2	0.224651	215.516	10884.1	15175.2	1	1	-1	-1	-1	-1		 -1	-1	-1	15.2689
2017	14	1175.57	0.424651	19247.3	0.2	0.224651	215.18	11758.2	19140.3	1	1	-1	-1	-1	-1		 -1	-1	-1	19.2284
2018	1	197226	0.2	13.0001	0.2	-1	-1	-1	-1	-1	-1	-1	4.50039	-1	-1		3.9644	-1	-1	-1
2018	2	163461	0.2	113.001	0.2	-1	-1	-1	-1	-1	-1	-1	15.8339	-1	-1		9.87045	-1	-1	-1
2018	3	138359	0.224031	495.002	0.2	0.0240309	2978.78	1240.01	944.005	0.003	0.15	-1	27.5534	-1	-1		15.0167	-1	-1	0.371965
2018	4	115456	0.277671	1054.01	0.2	0.0776705	7830.14	1735.01	2323.01	0.008	0.453	-1	34.4984	-1	-1		19.506	-1	-1	2.01266
2018	5	90237.4	0.345786	1785.01	0.2	0.145786	11121.9	2382.01	2989.01	0.062	0.727	-1	37.5275	-1	-1		19.7107	-1	-1	15.3423
2018	6	65515.6	0.42813	3022.01	0.2	0.22813	12158.3	3477.02	3833.02	0.344	0.856	-1	28.9937	-1	-1		16.6087	-1	-1	76.8074
2018	7	52207.7	0.515178	4772.02	0.2	0.315178	12859.2	5026.02	5209.02	0.739	0.91	-1	26.6696	-1	-1		13.9434	-1	-1	169.485
2018	8	20599.7	0.567713	6381.03	0.2	0.367713	5779.74	6451.03	6536.03	0.922	0.981	-1	11.0129	-1	-1		6.02015	-1	-1	100.555
2018	9	17507.9	0.536341	8054.04	0.2	0.336341	4557.66	7932.04	8276.04	0.958	0.99	-1	8.72484	-1	-1		4.75823	-1	-1	112.469
2018	10	10030.3	0.533791	9539.05	0.2	0.333791	2594.31	8358.04	9494.05	1	0.979	-1	4.6856	-1	-1		2.7579	-1	-1	77.2508
2018	11	4527.23	0.493445	10588.1	0.2	0.293445	1048.59	9543.05	10680.1	1	1	-1	-1	-1	-1		 -1	-1	-1	39.9854
2018	12	2637.23	0.476412	12044.1	0.2	0.276412	579.901	10916.1	12843.1	1	1	-1	-1	-1	-1		 -1	-1	-1	28.2385
2018	13	1792.42	0.430223	15115.1	0.2	0.230223	335.359	10884.1	15175.1	1	1	-1	-1	-1	-1		 -1	-1	-1	23.1826
2018	14	770.02	0.430223	19247.1	0.2	0.230223	144.07	11758.1	19140.1	1	1	-1	-1	-1	-1		 -1	-1	-1	12.5614
2019	1	194802	0.2	13	0.2	-1	-1	-1	-1	-1	-1	-1	4.3578	-1	-1		3.84889	-1	-1	-1
2019	2	161475	0.2	113	0.2	-1	-1	-1	-1	-1	-1	-1	15.4294	-1	-1		9.63234	-1	-1	-1
2019	3	133831	0.224402	495.001	0.2	0.0244024	2925.3	1240	944.002	0.003	0.15	-1	25.8178	-1	-1		14.1716	-1	-1	0.359777
2019	4	110589	0.278871	1054	0.2	0.0788712	7611.7	1735	2323	0.008	0.453	-1	31.9145	-1	-1		17.9718	-1	-1	1.9274
2019	5	87462.9	0.34804	1785	0.2	0.14804	10934.9	2382	2989	0.062	0.727	-1	35.7687	-1	-1		18.8471	-1	-1	14.8622
2019	6	63857.8	0.431656	3022.01	0.2	0.231656	12014.1	3477.01	3833.01	0.344	0.856	-1	28.2401	-1	-1		16.1428	-1	-1	74.7855
2019	7	42698.3	0.520051	4772.01	0.2	0.320051	10655.8	5026.01	5209.01	0.739	0.91	-1	21.7906	-1	-1		11.3593	-1	-1	138.356
2019	8	31188.6	0.573397	6381.01	0.2	0.373397	8863.15	6451.01	6536.01	0.922	0.981	-1	16.6549	-1	-1		9.07335	-1	-1	151.865
2019	9	11676.3	0.54154	8054.01	0.2	0.34154	3079.27	7932.01	8276.01	0.958	0.99	-1	5.8127	-1	-1		3.16017	-1	-1	74.8212
2019	10	10240.1	0.538951	9539.02	0.2	0.338951	2683.2	8358.01	9494.02	1	0.979	-1	4.77867	-1	-1		2.80399	-1	-1	78.6724
2019	11	5881.54	0.497981	10588	0.2	0.297981	1380.46	9543.02	10680	1	1	-1	-1	-1	-1		 -1	-1	-1	51.8345
2019	12	2763.96	0.480685	12044	0.2	0.280685	615.95	10916	12843	1	1	-1	-1	-1	-1		 -1	-1	-1	29.5351
2019	13	1637.74	0.433782	15115	0.2	0.233782	310.643	10884	15175	1	1	-1	-1	-1	-1		 -1	-1	-1	21.1461
2019	14	1165.72	0.433782	19247	0.2	0.233782	221.111	11758	19140	1	1	-1	-1	-1	-1		 -1	-1	-1	18.9842
